 
#=====================================================================================
                      2025-03-01-19:32:56
#=====================================================================================

######### [program config] #########
minimum_snr              : 0                                       
maximum_snr              : 13                                      
increment_snr            : 1                                       
maximum_error_number     : 150                                     
maximum_block_number     : 1000000                                 
K                        : 6                                       
max_iteration            : 50                                      
encoder_active           : 1                                       
file_name_of_the_H       : PEG1024regular0.5.txt                   
home                     : /home/jack                              
smallprob                : 1e-15                                   
type                     : psk                                     
M                        : 2                                       
channel_type             : large_fast                              
B                        : 4000000.0                               
P_total                  : 6                                       
P_max                    : 2.0                                     
rmin                     : 0.2                                     
######### [code config] ##########
codedim                  : 512                                     
codelen                  : 1024                                    
codechk                  : 512                                     
coderate                 : 0.5                                     
row                      : 512                                     
col                      : 1024                                    

#=============================== args end  ===============================
[-120.00, 0.84444444, 0.26503906, 0.64114583, 0.00000000, 44.872],
[-122.00, 0.83333333, 0.24866536, 0.60924479, 0.00000000, 43.400],
[-124.00, 0.83333333, 0.24140625, 0.58502604, 0.00000000, 43.367],
[-126.00, 0.83333333, 0.23247613, 0.56712240, 0.00000000, 43.044],
[-128.00, 0.83333333, 0.22866753, 0.55944010, 0.00000000, 42.961],
[-130.00, 0.83333333, 0.22535807, 0.54231771, 0.00000000, 43.033],
[-132.00, 0.83333333, 0.22315538, 0.53554687, 0.00000000, 42.794],
[-134.00, 0.83333333, 0.21962891, 0.51920573, 0.00000000, 43.011],
[-136.00, 0.83333333, 0.21512587, 0.51458333, 0.00000000, 42.922],
[-138.00, 0.83333333, 0.21168620, 0.49440104, 0.00000000, 42.878],
[-140.00, 0.83333333, 0.20927734, 0.47343750, 0.00000000, 42.894],
[-142.00, 0.83333333, 0.20939670, 0.45507812, 0.00000000, 42.872],
[-144.00, 0.83333333, 0.20638021, 0.44648437, 0.00000000, 42.933],
[-146.00, 0.83333333, 0.20285373, 0.43925781, 0.00000000, 42.950],
[-148.00, 0.83333333, 0.20335286, 0.44173177, 0.00000000, 42.944],
[-150.00, 0.83333333, 0.20507812, 0.43815104, 0.00000000, 42.944],
[-152.00, 0.83333333, 0.20678168, 0.44218750, 0.00000000, 42.917],
[-154.00, 0.83333333, 0.20649957, 0.43385417, 0.00000000, 42.994],
[-156.00, 0.83333333, 0.20546875, 0.43652344, 0.00000000, 42.950],
[-158.00, 0.83333333, 0.20342882, 0.43085937, 0.00000000, 42.872],
[-160.00, 0.83333333, 0.20638021, 0.43085937, 0.00000000, 42.994],
[-162.00, 0.83333333, 0.20945095, 0.43678385, 0.00000000, 42.894],
[-164.00, 0.83333333, 0.20634766, 0.43085937, 0.00000000, 42.961],
[-166.00, 0.83333333, 0.20917969, 0.43717448, 0.00000000, 42.856],
[-168.00, 0.83333333, 0.21163194, 0.43951823, 0.00000000, 42.878],


