num_of_row--num_of_col--rank_of_H
64	128	 64
no_of_row--degree_of_row--no_of_col
0 6 0 22 44 65 87 108
1 6 1 23 45 66 88 109
2 6 2 24 46 67 89 110
3 6 3 25 47 68 90 111
4 6 4 26 45 69 91 112
5 6 0 27 48 70 92 113
6 6 5 28 49 71 93 110
7 6 6 29 44 72 91 114
8 6 7 30 50 67 94 115
9 6 8 29 51 73 95 116
10 6 9 24 52 74 96 116
11 6 10 31 53 65 80 117
12 6 6 32 54 75 94 117
13 6 11 33 54 76 96 115
14 6 12 34 55 69 92 109
15 6 11 25 56 77 88 112
16 6 5 35 51 78 87 118
17 6 10 36 49 55 97 119
18 6 13 30 57 70 98 120
19 6 14 37 53 77 93 115
20 6 15 23 58 76 86 121
21 6 16 28 58 64 99 122
22 6 8 38 52 71 92 120
23 6 17 30 47 69 96 108
24 6 16 39 53 78 98 113
25 6 15 37 46 73 100 112
26 6 15 27 47 75 101 123
27 6 2 40 59 78 91 123
28 6 6 24 60 79 86 120
29 6 8 23 50 80 102 123
30 6 18 33 55 79 95 111
31 6 0 40 61 81 93 124
32 6 13 38 62 81 90 114
33 6 1 39 54 82 89 119
34 6 18 35 62 77 89 101
35 6 9 41 63 80 103 124
36 6 14 32 63 70 104 118
37 6 19 31 62 83 104 109
38 6 20 33 50 83 87 125
39 6 7 36 44 76 104 122
40 6 4 22 56 79 102 124
41 6 19 41 56 71 98 121
42 6 7 41 64 82 95 113
43 6 2 31 42 84 105 125
44 6 4 38 64 75 105 106
45 6 20 37 60 82 90 110
46 6 16 25 52 83 100 119
47 6 3 34 61 67 106 114
48 6 17 32 49 66 105 107
49 6 12 21 51 68 94 126
50 6 18 42 58 72 85 118
51 6 17 21 42 81 100 127
52 6 12 22 46 66 99 117
53 6 3 29 63 84 99 108
54 6 13 28 43 65 88 116
55 6 11 40 57 73 103 107
56 6 1 36 59 68 85 125
57 6 19 34 43 72 107 126
58 6 10 26 57 74 101 122
59 6 5 27 60 85 103 127
60 6 20 26 48 84 106 126
61 6 21 39 48 86 97 111
62 6 14 43 59 74 102 127
63 6 9 35 45 61 97 121
