
#=====================================================================================
                      2023-08-14-13:24:44
#=====================================================================================

0.00  0.12799140  0.92936803
0.50  0.09585430  0.77399381
1.00  0.07158918  0.60975610
1.50  0.04316907  0.40064103
2.00  0.01984003  0.19186493
2.50  0.00767784  0.07834535
3.00  0.00267505  0.02721829
3.50  0.00060955  0.00640787


#=====================================================================================
                      2023-08-14-14:24:09
#=====================================================================================

0.00  0.13161719  1.00000000
0.50  0.10050645  0.96899225
