#=====================================================================================
                      2024-05-09-18:21:49
#=====================================================================================

[-10.00, 1.00000000, 0.38435374],
[-9.00, 1.00000000, 0.40816327],
[-8.00, 1.00000000, 0.33673469],
[-7.00, 1.00000000, 0.38095238],
[-6.00, 1.00000000, 0.31632653],
[-5.00, 1.00000000, 0.25510204],
[-4.00, 1.00000000, 0.30952381],
[-3.00, 1.00000000, 0.28571429],
[-2.00, 1.00000000, 0.20748299],
[-1.00, 1.00000000, 0.16666667],
[0.00, 1.00000000, 0.19047619],
[1.00, 1.00000000, 0.12585034],
[2.00, 1.00000000, 0.13605442],
[3.00, 1.00000000, 0.08503401],
[4.00, 1.00000000, 0.06802721],
[5.00, 1.00000000, 0.07482993],
[6.00, 1.00000000, 0.01700680],
[7.00, 1.00000000, 0.01700680],
[8.00, 1.00000000, 0.01020408],
[9.00, 1.00000000, 0.02040816],
[10.00, 1.00000000, 0.00340136],
[11.00, 1.00000000, 0.00340136],
#=====================================================================================
                      2024-05-09-18:23:48 BPSK
#=====================================================================================

[-10.00, 1.00000000, 0.26856785],
[-9.00, 1.00000000, 0.23440928],
[-8.00, 1.00000000, 0.20777186],
[-7.00, 1.00000000, 0.19743027],
[-6.00, 1.00000000, 0.15951113],
[-5.00, 1.00000000, 0.12848637],
[-4.00, 1.00000000, 0.10153557],
[-3.00, 1.00000000, 0.08022563],
[-2.00, 1.00000000, 0.06675024],
[-1.00, 1.00000000, 0.03823253],
[0.00, 1.00000000, 0.02319022],
[1.00, 1.00000000, 0.01410216],
[2.00, 1.00000000, 0.00532748],
[3.00, 1.00000000, 0.00282043],
[4.00, 1.00000000, 0.00062676],
[5.00, 1.00000000, 0.00031338],
[6.00, 0.00000000, 0.00000000],
[7.00, 0.00000000, 0.00000000],
[8.00, 0.00000000, 0.00000000],
[9.00, 0.00000000, 0.00000000],
[10.00, 0.00000000, 0.00000000],
[11.00, 0.00000000, 0.00000000],
#=====================================================================================
                      2024-05-09-18:24:13 QPSK
#=====================================================================================

[-10.00, 1.00000000, 0.33155248],
[-9.00, 1.00000000, 0.31175361],
[-8.00, 1.00000000, 0.28724073],
[-7.00, 1.00000000, 0.26587052],
[-6.00, 1.00000000, 0.24167190],
[-5.00, 1.00000000, 0.21275927],
[-4.00, 1.00000000, 0.18541798],
[-3.00, 1.00000000, 0.15304840],
[-2.00, 1.00000000, 0.13387806],
[-1.00, 1.00000000, 0.11093652],
[0.00, 1.00000000, 0.07353865],
[1.00, 1.00000000, 0.05876807],
[2.00, 1.00000000, 0.04588309],
[3.00, 1.00000000, 0.02199874],
[4.00, 1.00000000, 0.01351351],
[5.00, 1.00000000, 0.00848523],
[6.00, 1.00000000, 0.00157134],
[7.00, 1.00000000, 0.00157134],
[8.00, 0.00000000, 0.00000000],
[9.00, 1.00000000, 0.00031427],
[10.00, 0.00000000, 0.00000000],
[11.00, 0.00000000, 0.00000000],
#=====================================================================================
                      2024-05-09-18:24:28 QAM16
#=====================================================================================

[-10.00, 1.00000000, 0.40644753],
[-9.00, 1.00000000, 0.38969659],
[-8.00, 1.00000000, 0.36978508],
[-7.00, 1.00000000, 0.37231353],
[-6.00, 1.00000000, 0.35998736],
[-5.00, 1.00000000, 0.32711757],
[-4.00, 1.00000000, 0.29677623],
[-3.00, 1.00000000, 0.28603034],
[-2.00, 1.00000000, 0.27212389],
[-1.00, 1.00000000, 0.21965866],
[0.00, 1.00000000, 0.21934260],
[1.00, 1.00000000, 0.18520860],
[2.00, 1.00000000, 0.15771176],
[3.00, 1.00000000, 0.15233881],
[4.00, 1.00000000, 0.11662453],
[5.00, 1.00000000, 0.09766119],
[6.00, 1.00000000, 0.08027813],
[7.00, 1.00000000, 0.06984829],
[8.00, 1.00000000, 0.04487990],
[9.00, 1.00000000, 0.03350190],
[10.00, 1.00000000, 0.01675095],
[11.00, 1.00000000, 0.01327434],
#=====================================================================================
                      2024-05-09-18:24:48  QAM64
#=====================================================================================

[-10.00, 1.00000000, 0.42349206],
[-9.00, 1.00000000, 0.42031746],
[-8.00, 1.00000000, 0.42253968],
[-7.00, 1.00000000, 0.38349206],
[-6.00, 1.00000000, 0.38793651],
[-5.00, 1.00000000, 0.36507937],
[-4.00, 1.00000000, 0.37460317],
[-3.00, 1.00000000, 0.34634921],
[-2.00, 1.00000000, 0.32920635],
[-1.00, 1.00000000, 0.32857143],
[0.00, 1.00000000, 0.29968254],
[1.00, 1.00000000, 0.26666667],
[2.00, 1.00000000, 0.27333333],
[3.00, 1.00000000, 0.23396825],
[4.00, 1.00000000, 0.22253968],
[5.00, 1.00000000, 0.20349206],
[6.00, 1.00000000, 0.18698413],
[7.00, 1.00000000, 0.15238095],
[8.00, 1.00000000, 0.13365079],
[9.00, 1.00000000, 0.11841270],
[10.00, 1.00000000, 0.09269841],
[11.00, 1.00000000, 0.09174603],


















#=====================================================================================
                      2024-05-13-09:22:54
#=====================================================================================

#=====================================================================================
                      2024-05-13-09:24:18
#=====================================================================================

#=====================================================================================
                      2024-05-13-09:24:48
#=====================================================================================

#=====================================================================================
                      2024-05-13-09:32:48
#=====================================================================================

#=====================================================================================
                      2024-05-13-09:36:37
#=====================================================================================

#=====================================================================================
                      2024-05-14-18:17:02
#=====================================================================================

#=====================================================================================
                      2024-05-14-18:17:20
#=====================================================================================

#=====================================================================================
                      2024-05-14-18:17:36
#=====================================================================================

#=====================================================================================
                      2024-05-14-18:18:50
#=====================================================================================

#=====================================================================================
                      2024-05-14-18:19:29
#=====================================================================================

#=====================================================================================
                      2024-05-14-19:27:24
#=====================================================================================

#=====================================================================================
                      2024-05-14-19:27:45
#=====================================================================================

#=====================================================================================
                      2024-05-14-19:28:31
#=====================================================================================

#=====================================================================================
                      2024-05-14-19:28:49
#=====================================================================================

#=====================================================================================
                      2024-05-14-19:29:29
#=====================================================================================

