num_of_row--num_of_col--rank_of_H
512  1024  512
no_of_row--degree_of_row--no_of_col
0 6 0 171 342 512 683 854 
1 6 1 172 341 513 684 855 
2 6 2 173 343 514 685 856 
3 6 3 174 344 515 686 857 
4 6 4 172 345 516 687 858 
5 6 5 175 346 517 688 859 
6 6 6 176 347 518 689 860 
7 6 7 177 348 519 690 861 
8 6 8 178 349 520 691 862 
9 6 9 177 350 521 692 863 
10 6 10 179 351 522 693 864 
11 6 11 180 352 523 694 865 
12 6 6 181 353 524 695 866 
13 6 12 182 354 525 696 862 
14 6 13 183 355 523 697 867 
15 6 14 184 356 526 698 868 
16 6 15 185 357 527 699 869 
17 6 16 186 358 528 687 870 
18 6 17 187 359 529 700 871 
19 6 18 188 360 530 701 872 
20 6 19 189 361 531 686 873 
21 6 20 190 362 532 702 874 
22 6 21 191 354 533 703 875 
23 6 22 192 356 534 704 876 
24 6 23 193 363 535 705 877 
25 6 24 194 364 536 706 878 
26 6 25 195 345 537 707 879 
27 6 2 196 365 538 708 880 
28 6 26 197 366 539 709 881 
29 6 27 185 367 540 710 861 
30 6 27 198 368 541 711 882 
31 6 28 199 369 542 712 883 
32 6 28 174 370 543 713 879 
33 6 29 200 371 544 714 882 
34 6 30 201 372 545 715 884 
35 6 31 202 373 546 716 885 
36 6 32 203 374 538 717 886 
37 6 33 204 375 547 718 887 
38 6 34 205 350 548 719 888 
39 6 3 206 341 549 690 889 
40 6 35 207 376 550 720 867 
41 6 36 208 377 551 721 890 
42 6 37 208 378 552 696 891 
43 6 38 209 379 549 722 892 
44 6 39 194 380 553 723 893 
45 6 40 210 346 554 682 894 
46 6 14 171 381 555 724 892 
47 6 41 211 382 556 725 895 
48 6 42 212 346 557 726 896 
49 6 0 213 383 558 727 897 
50 6 43 214 384 559 683 885 
51 6 44 198 385 560 728 898 
52 6 45 215 386 561 729 899 
53 6 46 216 387 562 730 869 
54 6 0 186 388 563 731 900 
55 6 39 217 389 548 732 901 
56 6 47 218 390 564 733 902 
57 6 48 219 391 565 734 903 
58 6 49 197 392 566 735 878 
59 6 50 220 393 567 736 904 
60 6 51 221 344 530 737 905 
61 6 52 222 394 529 698 906 
62 6 53 223 395 551 738 907 
63 6 54 224 396 568 739 908 
64 6 55 225 397 569 740 909 
65 6 56 226 398 522 741 910 
66 6 57 181 391 570 742 911 
67 6 58 227 399 571 743 912 
68 6 59 228 400 572 729 913 
69 6 60 229 401 518 744 914 
70 6 61 207 377 573 745 915 
71 6 62 230 402 574 746 916 
72 6 63 231 400 575 707 917 
73 6 64 232 403 576 721 896 
74 6 34 203 404 577 720 884 
75 6 46 173 405 578 747 918 
76 6 65 233 406 579 748 919 
77 6 66 234 407 527 749 871 
78 6 11 195 408 580 750 920 
79 6 67 232 409 581 704 921 
80 6 67 207 410 582 751 922 
81 6 7 235 394 583 752 923 
82 6 68 236 411 584 699 924 
83 6 69 237 412 585 753 925 
84 6 70 238 384 586 754 926 
85 6 71 228 413 553 735 927 
86 6 72 239 414 587 702 928 
87 6 73 240 415 588 755 929 
88 6 74 241 416 589 695 930 
89 6 75 242 347 590 756 931 
90 6 76 208 417 591 757 932 
91 6 24 218 358 592 707 933 
92 6 77 243 418 593 744 934 
93 6 78 244 391 594 758 935 
94 6 79 245 419 595 759 936 
95 6 80 223 420 596 760 912 
96 6 81 246 409 547 709 884 
97 6 70 247 421 597 761 924 
98 6 68 248 404 557 712 937 
99 6 1 249 422 598 762 938 
100 6 2 250 423 599 763 939 
101 6 82 251 424 579 693 940 
102 6 83 213 389 600 713 907 
103 6 75 252 425 601 764 941 
104 6 84 253 392 588 718 942 
105 6 85 254 349 545 765 943 
106 6 86 226 365 543 766 944 
107 6 87 255 426 595 767 945 
108 6 88 256 425 602 768 944 
109 6 89 257 405 603 769 946 
110 6 90 258 352 584 730 947 
111 6 91 219 403 604 719 910 
112 6 92 259 427 605 770 948 
113 6 59 260 428 585 771 949 
114 6 93 261 385 606 772 950 
115 6 94 262 390 606 725 915 
116 6 95 263 385 556 773 951 
117 6 10 253 353 607 774 952 
118 6 96 220 429 608 775 857 
119 6 76 264 430 609 776 953 
120 6 97 265 431 610 748 869 
121 6 98 210 370 579 777 954 
122 6 99 219 404 535 778 954 
123 6 55 266 432 611 779 955 
124 6 54 267 429 612 728 956 
125 6 100 268 433 613 780 901 
126 6 101 269 434 614 731 946 
127 6 45 270 356 615 745 957 
128 6 102 201 414 616 781 949 
129 6 19 271 419 519 782 865 
130 6 60 182 435 617 722 909 
131 6 36 272 368 618 769 958 
132 6 103 273 386 523 726 919 
133 6 104 267 436 619 783 902 
134 6 1 217 437 585 784 877 
135 6 105 274 420 620 785 959 
136 6 106 243 419 621 786 960 
137 6 20 248 434 622 787 893 
138 6 5 184 438 541 788 961 
139 6 107 251 407 596 789 935 
140 6 82 275 439 572 790 962 
141 6 108 235 440 533 770 941 
142 6 109 276 441 623 725 861 
143 6 110 277 442 518 787 853 
144 6 111 278 443 538 703 956 
145 6 112 191 438 594 791 901 
146 6 113 209 444 525 792 963 
147 6 101 259 395 624 793 964 
148 6 114 279 445 533 794 965 
149 6 115 252 364 559 696 966 
150 6 116 280 446 625 741 967 
151 6 117 229 353 626 795 874 
152 6 61 281 440 627 699 951 
153 6 100 174 447 628 796 915 
154 6 110 282 448 629 797 899 
155 6 102 261 342 630 694 860 
156 6 118 283 359 626 691 968 
157 6 119 284 449 615 798 969 
158 6 120 285 450 564 785 970 
159 6 121 286 437 514 799 971 
160 6 122 175 451 631 800 927 
161 6 123 271 452 557 799 972 
162 6 35 287 453 632 801 973 
163 6 124 288 454 633 775 974 
164 6 113 289 455 622 710 975 
165 6 40 178 456 553 782 904 
166 6 62 204 442 634 802 905 
167 6 21 180 457 512 803 972 
168 6 116 264 458 614 804 943 
169 6 78 242 456 542 805 976 
170 6 53 281 418 635 757 909 
171 6 125 290 420 636 692 895 
172 6 63 280 448 570 687 977 
173 6 28 291 395 528 806 908 
174 6 126 269 364 613 774 963 
175 6 31 292 450 612 807 978 
176 6 24 199 435 565 753 855 
177 6 127 255 406 576 732 978 
178 6 88 293 459 630 753 911 
179 6 128 294 460 550 808 946 
180 6 114 196 461 637 737 937 
181 6 16 213 462 573 809 979 
182 6 67 226 429 632 810 980 
183 6 50 187 463 638 756 981 
184 6 49 295 464 540 733 982 
185 6 129 239 465 577 760 864 
186 6 130 296 388 580 811 983 
187 6 123 188 370 524 691 984 
188 6 131 205 426 631 798 875 
189 6 132 297 396 566 812 947 
190 6 29 289 417 639 692 958 
191 6 100 203 449 637 769 895 
192 6 80 297 466 603 813 971 
193 6 91 258 467 571 814 985 
194 6 133 260 365 640 727 940 
195 6 104 215 394 641 807 936 
196 6 134 248 424 642 788 986 
197 6 94 298 401 604 706 984 
198 6 135 299 468 643 815 920 
199 6 66 300 469 644 764 987 
200 6 58 301 352 573 738 959 
201 6 131 230 390 577 739 859 
202 6 103 293 470 582 816 910 
203 6 136 302 427 574 703 988 
204 6 137 216 441 645 817 989 
205 6 138 303 468 646 818 913 
206 6 139 224 471 581 736 990 
207 6 140 282 472 647 819 905 
208 6 125 244 444 648 820 925 
209 6 141 302 400 638 727 991 
210 6 142 229 473 649 757 992 
211 6 95 291 436 517 811 862 
212 6 143 304 398 621 821 962 
213 6 122 305 474 650 701 921 
214 6 144 283 371 651 784 993 
215 6 36 306 475 616 768 994 
216 6 145 249 476 617 697 995 
217 6 146 307 477 589 781 875 
218 6 126 266 478 546 791 863 
219 6 78 245 430 650 715 959 
220 6 130 254 362 652 721 948 
221 6 147 301 403 613 822 996 
222 6 132 308 373 642 764 913 
223 6 148 268 479 598 823 997 
224 6 89 306 378 653 734 986 
225 6 8 238 379 654 706 992 
226 6 8 309 460 655 781 990 
227 6 142 214 351 605 824 939 
228 6 109 251 480 576 708 928 
229 6 120 310 481 583 806 932 
230 6 17 307 482 612 825 938 
231 6 54 215 465 592 826 986 
232 6 118 311 413 632 780 998 
233 6 131 312 467 656 790 979 
234 6 110 313 483 625 827 999 
235 6 84 189 484 630 740 940 
236 6 7 212 351 609 785 930 
237 6 149 278 381 545 787 978 
238 6 26 222 464 657 745 966 
239 6 94 268 381 531 746 989 
240 6 150 314 367 524 761 857 
241 6 77 297 413 658 722 969 
242 6 151 315 479 659 809 931 
243 6 152 269 485 649 828 888 
244 6 14 316 486 587 761 1000 
245 6 18 201 487 627 688 991 
246 6 139 211 384 646 829 1001 
247 6 143 250 488 562 723 860 
248 6 99 317 489 534 700 933 
249 6 153 318 454 567 830 1002 
250 6 147 198 405 589 831 1003 
251 6 101 224 416 634 821 945 
252 6 150 319 397 537 729 1004 
253 6 154 283 343 643 711 1005 
254 6 23 304 473 516 733 1006 
255 6 73 316 375 586 832 1007 
256 6 79 214 457 616 833 920 
257 6 128 181 410 558 778 859 
258 6 85 320 481 640 742 983 
259 6 155 290 463 578 825 1002 
260 6 84 254 436 575 684 1003 
261 6 39 256 472 660 800 974 
262 6 4 183 466 656 834 876 
263 6 89 321 483 571 705 1008 
264 6 150 322 425 648 797 1009 
265 6 130 323 393 527 690 980 
266 6 152 304 406 643 801 914 
267 6 96 273 484 661 835 969 
268 6 156 280 422 660 836 964 
269 6 123 242 443 614 746 993 
270 6 157 240 453 662 804 941 
271 6 15 300 382 583 837 873 
272 6 40 323 412 529 838 971 
273 6 57 322 426 607 777 943 
274 6 108 324 451 663 839 1005 
275 6 106 235 490 664 773 911 
276 6 45 310 491 665 747 1010 
277 6 4 325 458 522 779 917 
278 6 158 295 479 666 803 937 
279 6 70 274 374 536 788 919 
280 6 159 218 354 551 804 871 
281 6 83 286 446 562 765 854 
282 6 29 195 475 590 770 1007 
283 6 41 225 393 648 755 1011 
284 6 32 311 387 666 833 965 
285 6 160 206 386 628 840 1012 
286 6 71 317 454 635 774 1013 
287 6 132 260 397 521 821 886 
288 6 138 247 488 661 810 889 
289 6 63 294 437 587 835 887 
290 6 87 288 492 597 695 988 
291 6 148 301 493 640 841 881 
292 6 114 291 401 552 831 856 
293 6 53 326 447 539 808 983 
294 6 46 309 473 667 842 997 
295 6 105 282 494 566 740 1010 
296 6 107 263 410 608 801 1010 
297 6 12 327 383 514 818 954 
298 6 61 314 495 668 744 944 
299 6 43 328 471 584 702 925 
300 6 111 329 477 601 783 854 
301 6 91 330 358 657 713 926 
302 6 146 331 357 669 762 988 
303 6 87 249 402 564 778 981 
304 6 13 200 496 520 772 1014 
305 6 161 256 462 653 796 968 
306 6 112 177 497 525 756 1015 
307 6 160 326 470 631 689 961 
308 6 155 326 431 651 754 955 
309 6 25 272 350 528 737 1012 
310 6 149 321 414 604 793 1009 
311 6 81 184 498 670 819 914 
312 6 116 332 361 671 712 912 
313 6 162 330 428 665 700 931 
314 6 161 244 435 588 723 948 
315 6 107 175 359 672 843 1016 
316 6 141 238 490 663 844 1000 
317 6 16 273 396 619 834 975 
318 6 42 191 411 586 845 858 
319 6 65 306 362 638 779 947 
320 6 129 311 428 560 750 856 
321 6 19 324 366 666 831 1013 
322 6 41 305 399 663 846 950 
323 6 163 275 459 568 847 982 
324 6 102 284 483 660 711 1004 
325 6 37 225 499 550 841 1015 
326 6 97 308 470 556 848 894 
327 6 162 276 442 636 824 981 
328 6 108 263 418 536 793 888 
329 6 118 173 455 605 838 991 
330 6 38 255 445 652 728 990 
331 6 90 192 457 611 849 922 
332 6 57 221 439 554 830 949 
333 6 151 179 500 569 792 980 
334 6 164 193 402 673 732 1003 
335 6 165 298 434 599 816 974 
336 6 77 270 458 641 839 977 
337 6 124 325 408 619 810 918 
338 6 11 293 478 647 813 945 
339 6 86 265 489 591 812 976 
340 6 13 281 441 646 806 999 
341 6 55 253 501 618 775 1017 
342 6 34 183 502 665 714 1018 
343 6 47 288 451 659 847 960 
344 6 158 237 355 655 747 977 
345 6 64 333 345 600 820 970 
346 6 92 227 375 520 704 1011 
347 6 86 194 449 555 689 951 
348 6 119 187 503 535 741 870 
349 6 18 252 480 515 776 957 
350 6 127 247 504 674 838 1014 
351 6 121 333 491 530 850 926 
352 6 159 334 423 675 736 899 
353 6 124 292 372 563 786 964 
354 6 69 324 446 672 851 952 
355 6 49 317 480 641 765 1019 
356 6 58 308 349 639 750 997 
357 6 166 234 408 675 852 903 
358 6 75 266 378 532 759 1006 
359 6 74 335 392 526 694 916 
360 6 38 190 424 543 811 865 
361 6 165 278 452 676 789 967 
362 6 119 180 469 649 715 868 
363 6 98 334 450 569 730 998 
364 6 167 233 360 620 812 885 
365 6 159 333 382 610 835 863 
366 6 133 313 505 667 808 996 
367 6 48 336 462 627 684 976 
368 6 168 246 452 610 763 867 
369 6 154 328 423 565 697 890 
370 6 3 197 505 532 837 1002 
371 6 51 329 432 602 739 952 
372 6 113 327 491 591 817 1006 
373 6 162 267 366 570 845 992 
374 6 166 258 371 575 726 962 
375 6 20 212 369 661 809 898 
376 6 15 319 399 634 843 881 
377 6 42 292 344 540 834 999 
378 6 163 234 431 549 829 904 
379 6 166 237 506 629 716 921 
380 6 83 222 368 647 848 903 
381 6 167 279 474 601 844 1020 
382 6 169 322 496 676 800 1021 
383 6 169 217 502 677 815 900 
384 6 135 337 407 546 780 1019 
385 6 47 289 506 554 735 968 
386 6 74 303 507 652 826 934 
387 6 156 338 502 593 705 894 
388 6 98 305 380 659 845 870 
389 6 158 246 487 568 844 1015 
390 6 25 321 471 674 768 896 
391 6 169 277 467 526 763 963 
392 6 156 274 463 662 743 1005 
393 6 37 190 422 608 771 1022 
394 6 43 330 499 664 817 1023 
395 6 72 176 499 678 751 923 
396 6 154 257 503 561 786 1001 
397 6 126 227 376 531 796 994 
398 6 137 328 357 679 848 1023 
399 6 93 206 377 623 752 1017 
400 6 33 245 440 675 818 906 
401 6 82 262 427 620 799 855 
402 6 50 232 464 572 851 866 
403 6 157 329 507 521 748 984 
404 6 168 241 348 600 783 973 
405 6 59 257 498 513 840 879 
406 6 115 241 488 547 701 900 
407 6 103 315 461 513 743 853 
408 6 33 339 500 635 755 1021 
409 6 93 192 485 645 710 938 
410 6 149 312 504 603 758 882 
411 6 30 250 438 567 731 917 
412 6 122 294 492 657 795 994 
413 6 137 231 466 671 685 955 
414 6 71 286 508 517 776 965 
415 6 161 189 492 623 688 953 
416 6 121 318 509 677 749 953 
417 6 66 316 447 624 839 958 
418 6 72 223 482 654 832 1016 
419 6 129 279 421 669 847 1022 
420 6 35 302 409 664 842 891 
421 6 151 264 376 559 837 1000 
422 6 117 186 369 548 807 929 
423 6 9 314 361 595 772 923 
424 6 163 332 417 670 833 880 
425 6 146 287 444 621 828 908 
426 6 144 319 490 593 792 942 
427 6 56 287 495 678 825 880 
428 6 64 205 343 515 724 1020 
429 6 69 340 500 598 813 1001 
430 6 80 178 474 574 828 1012 
431 6 167 211 411 617 802 975 
432 6 155 216 496 516 826 995 
433 6 88 300 476 670 759 1016 
434 6 111 315 453 677 852 928 
435 6 21 243 367 674 777 886 
436 6 153 285 510 602 853 916 
437 6 153 298 456 611 683 898 
438 6 134 185 380 644 760 889 
439 6 81 239 355 561 836 883 
440 6 160 284 461 673 842 1021 
441 6 32 312 498 651 830 872 
442 6 60 202 363 597 822 887 
443 6 133 271 487 590 752 989 
444 6 76 230 342 592 766 929 
445 6 48 335 383 667 803 883 
446 6 44 338 476 578 820 957 
447 6 136 299 493 599 850 918 
448 6 51 338 489 581 840 1023 
449 6 145 210 484 650 784 1017 
450 6 148 171 455 669 767 966 
451 6 5 270 421 680 805 956 
452 6 22 240 478 681 717 858 
453 6 10 209 468 639 716 993 
454 6 120 202 501 672 829 1007 
455 6 31 309 494 633 846 942 
456 6 22 339 412 653 815 973 
457 6 134 231 510 629 823 1020 
458 6 143 199 379 606 850 927 
459 6 164 313 387 537 693 902 
460 6 97 325 509 541 738 936 
461 6 141 318 415 678 789 960 
462 6 26 299 477 624 758 967 
463 6 30 337 501 644 852 877 
464 6 73 182 506 615 827 1022 
465 6 138 221 465 676 814 1013 
466 6 164 204 508 680 846 890 
467 6 135 336 360 594 823 930 
468 6 144 196 482 618 771 924 
469 6 128 336 508 519 849 868 
470 6 140 276 430 539 714 934 
471 6 109 265 475 656 836 892 
472 6 168 337 439 563 822 961 
473 6 136 285 348 622 794 872 
474 6 27 179 494 679 686 897 
475 6 95 172 493 658 819 897 
476 6 106 236 443 512 827 970 
477 6 44 259 459 679 766 906 
478 6 147 188 485 607 720 873 
479 6 85 331 389 625 724 874 
480 6 90 323 509 636 843 987 
481 6 157 307 472 682 719 995 
482 6 6 220 460 671 717 972 
483 6 99 200 507 628 708 1008 
484 6 79 331 511 542 751 864 
485 6 68 193 469 626 734 1019 
486 6 9 277 398 662 762 982 
487 6 139 320 373 534 824 979 
488 6 115 262 347 658 851 935 
489 6 140 272 415 552 698 933 
490 6 52 340 511 645 767 893 
491 6 105 295 495 681 795 1009 
492 6 23 296 374 654 814 866 
493 6 12 233 445 580 773 932 
494 6 170 341 363 655 797 1018 
495 6 96 335 497 668 754 985 
496 6 17 228 433 558 709 950 
497 6 142 334 511 560 802 987 
498 6 56 340 481 555 782 1004 
499 6 62 320 503 682 685 998 
500 6 165 296 510 673 841 922 
501 6 170 310 433 582 805 891 
502 6 52 170 505 596 791 876 
503 6 65 176 416 681 718 1018 
504 6 112 303 486 637 749 907 
505 6 92 332 372 668 816 878 
506 6 152 275 504 633 849 1008 
507 6 127 327 497 680 790 996 
508 6 125 339 486 609 742 1014 
509 6 117 290 448 544 832 939 
510 6 145 261 432 642 794 985 
511 6 104 236 388 544 798 1011 
