

=====================================================================================
                               2023-06-08-20:09:13
======================================================================================

 cap = 0.5 * math.log2(1 + 10**(snr/10.0) )  
 filesize = cap * comp * im.size / 4 
 no R_min 
 Raw data: bmp 

Dataset        : Mnist_test_bmp/ 
Compress Rate  : [0.1 0.2 0.3 0.4 0.5 0.6 0.7 0.8 0.9] 
SNR            : [-2 -1  0  1  2  3  4  5  6  7  8  9 10 11 12 13 14 15 16 17 18 19 20 25
 30 35 40] 

[ 10.466, 10.466, 10.466, 10.466, 10.466, 10.466, 10.466, 10.466, 10.466, 10.466, 10.466, 10.466, 10.466, 10.466, 10.466, 10.466, 10.466, 10.466, 10.466, 10.466, 10.466, 10.466, 10.466, 10.466, 10.466, 10.466, 10.466,  ],
[ 10.466, 10.466, 10.466, 10.466, 10.466, 10.466, 10.466, 10.466, 10.466, 10.466, 10.466, 10.466, 10.466, 10.466, 10.466, 10.466, 10.466, 10.466, 10.466, 10.466, 10.466, 10.466, 10.466, 10.466, 10.466, 10.466, 10.466,  ],
[ 10.466, 10.466, 10.466, 10.466, 10.466, 10.466, 10.466, 10.466, 10.466, 10.466, 10.466, 10.466, 10.466, 10.466, 10.466, 10.466, 10.466, 10.466, 10.466, 10.466, 10.466, 10.466, 10.466, 10.466, 10.466, 10.466, 21.906,  ],
[ 10.466, 10.466, 10.466, 10.466, 10.466, 10.466, 10.466, 10.466, 10.466, 10.466, 10.466, 10.466, 10.466, 10.466, 10.466, 10.466, 10.466, 10.466, 10.466, 10.466, 10.466, 10.466, 10.466, 10.466, 21.906, 27.145, 31.447,  ],
[ 10.466, 10.466, 10.466, 10.466, 10.466, 10.466, 10.466, 10.466, 10.466, 10.466, 10.466, 10.466, 10.466, 10.466, 10.466, 10.466, 10.466, 10.466, 10.466, 10.466, 10.466, 10.466, 10.466, 23.617, 29.329, 34.721, 39.869,  ],
[ 10.466, 10.466, 10.466, 10.466, 10.466, 10.466, 10.466, 10.466, 10.466, 10.466, 10.466, 10.466, 10.466, 10.466, 10.466, 10.466, 10.466, 10.466, 10.466, 10.466, 10.486, 17.314, 22.020, 29.329, 35.846, 41.591, 45.330,  ],
[ 10.466, 10.466, 10.466, 10.466, 10.466, 10.466, 10.466, 10.466, 10.466, 10.466, 10.466, 10.466, 10.466, 10.466, 10.466, 10.466, 10.466, 10.466, 13.954, 21.787, 23.956, 25.708, 27.215, 34.790, 41.591, 45.671, 46.674,  ],
[ 10.466, 10.466, 10.466, 10.466, 10.466, 10.466, 10.466, 10.466, 10.466, 10.466, 10.466, 10.466, 10.466, 10.466, 10.466, 10.466, 15.291, 22.363, 24.593, 26.403, 28.142, 29.859, 31.576, 39.869, 45.330, 46.674, 46.733,  ],
[ 10.466, 10.466, 10.466, 10.466, 10.466, 10.466, 10.466, 10.466, 10.466, 10.466, 10.466, 10.466, 10.466, 10.466, 11.255, 21.545, 24.282, 26.337, 28.209, 30.121, 32.047, 33.983, 35.911, 43.789, 46.573, 46.732, 46.733,  ],
