0.000000 0.1611016016 0.9956172927 49.9532517391
0.250000 0.1332203080 0.9480829762 49.3041983998
0.500000 0.0893236740 0.7431130000 45.5720835721
0.750000 0.0408117375 0.3847760000 36.5045025045
1.000000 0.0110951188 0.1134080000 25.8912508913
1.250000 0.0016330885 0.0175140000 18.6358786359
1.500000 0.0001316219 0.0014770000 14.7466427466
1.750000 0.0000055010 0.0000850000 12.5056155056
2.000000 0.0000001927 0.0000070000 10.9944519945
2.250000 0.0000000042 0.0000010000 9.8766208766
2.500000 0.0000000042 0.0000010000 9.0037550038
2.750000 0.0000000042 0.0000010000 8.2981792982
3.000000 0.0000000000 0.0000000000 7.7118247118


