#=====================================================================================
                      2024-12-21-21:59:18
#=====================================================================================

######### [program config] #########
minimum_snr              : 0
maximum_snr              : 13
increment_snr            : 1
maximum_error_number     : 300
maximum_block_number     : 1000000
K                        : 2
max_iteration            : 50
encoder_active           : 1
file_name_of_the_H       : PEG1024regular0.5.txt
home                     : /home/jack
smallprob                : 1e-15
type                     : psk
M                        : 2
channel_type             : block-fading
######### [code config] ##########
codedim                  : 512
codelen                  : 1024
codechk                  : 512
coderate                 : 0.5
row                      : 512
col                      : 1024

#=============================== args end  ===============================
[0.00, 0.86206897, 0.22624820, 0.35005837, 0.00000000, 24.388],
[1.00, 0.80645161, 0.19827369, 0.31612273, 0.00000000, 23.995],
[2.00, 0.69124424, 0.16077279, 0.25692144, 0.00000000, 22.495],
[3.00, 0.63025210, 0.14302537, 0.24106322, 0.00000000, 22.160],
[4.00, 0.52447552, 0.11994305, 0.19572908, 0.00000000, 18.932],
[5.00, 0.45884146, 0.09813858, 0.16674805, 0.00000000, 17.924],
[6.00, 0.38961039, 0.07788657, 0.13305093, 0.00000000, 15.766],
[7.00, 0.31512605, 0.06192760, 0.10950220, 0.00000000, 13.676],
[8.00, 0.25951557, 0.05108537, 0.08743107, 0.00000000, 11.448],
[9.00, 0.22058824, 0.04302045, 0.07687557, 0.00000000, 10.449],
[10.00, 0.16629712, 0.03430636, 0.06392912, 0.00000000, 8.504],
[11.00, 0.15202020, 0.02892105, 0.05322364, 0.00000000, 7.628],
[12.00, 0.11801731, 0.02151972, 0.03754887, 0.00000000, 6.013],
[13.00, 0.09487666, 0.01747374, 0.02973667, 0.00000000, 4.976],
[14.00, 0.07349339, 0.01381255, 0.02491120, 0.00000000, 4.160],
[15.00, 0.06102522, 0.01103698, 0.01965680, 0.00000000, 3.503],
[16.00, 0.04447080, 0.00866428, 0.01596664, 0.00000000, 2.769],
[17.00, 0.0374887082, 0.006180485, 0.011109, 0.00000000, 2.35]
[18.00, 0.02658161, 0.00508996, 0.00960001, 0.00000000, 1.905],
[19.00, 0.02361372, 0.00433694, 0.00771842, 0.00000000, 1.676],
[20.00, 0.01990842, 0.00357554, 0.00642124, 0.00000000, 1.485],
[21.00, 0.01348982, 0.00243607, 0.00451276, 0.00000000, 1.210],
[22.00, 0.01434309, 0.00264815, 0.00493772, 0.00000000, 1.227],
[23.00, 0.00975039, 0.00178487, 0.00325400, 0.00000000, 1.005],
[24.00, 0.00786906, 0.00143249, 0.00262568, 0.00000000, 0.897],
[25.00, 0.00614326, 0.00105521, 0.00197040, 0.00000000, 0.819],
[26.00, 0.00489524, 0.00089161, 0.00157250, 0.00000000, 0.753],
[27.00, 0.00431611, 0.00077787, 0.00142491, 0.00000000, 0.721],
[28.00, 0.00301114, 0.00057373, 0.00107766, 0.00000000, 0.660],
[29.00, 0.00241167, 0.00044008, 0.00082619, 0.00000000, 0.627],
[30.00, 0.00189022, 0.00035454, 0.00064884, 0.00000000, 0.598],
[31.00, 0.00153414, 0.00028863, 0.00051888, 0.00000000, 0.578],
[32.00, 0.00123979, 0.00021821, 0.00040814, 0.00000000, 0.565],
