#=====================================================================================
                      2024-12-06-21:31:22
#=====================================================================================

######### [program config] #########
minimum_snr              : 0
maximum_snr              : 13
increment_snr            : 1
maximum_error_number     : 300
maximum_block_number     : 1000000
K                        : 4
max_iteration            : 50
encoder_active           : 1
file_name_of_the_H       : PEG1024regular0.5.txt
home                     : /home/jack
smallprob                : 1e-15
type                     : psk
M                        : 2
channel_type             : fast-fading
######### [code config] ##########
codedim                  : 512
codelen                  : 1024
codechk                  : 512
coderate                 : 0.5
row                      : 512
col                      : 1024

#=============================== args end  ===============================
[0.00, 1.00000000, 0.26750651, 0.54539063, 0.00000000, 12.500],
[0.50, 1.00000000, 0.25997396, 0.53677083, 0.00000000, 12.500],
[1.00, 1.00000000, 0.25388672, 0.52786458, 0.00000000, 12.500],
[1.50, 1.00000000, 0.24585937, 0.51598958, 0.00000000, 12.500],
[2.00, 1.00000000, 0.24112630, 0.51067708, 0.00000000, 12.500],
[2.50, 1.00000000, 0.23290365, 0.49406250, 0.00000000, 12.500],
[3.00, 1.00000000, 0.22520833, 0.47851562, 0.00000000, 12.500],
[3.50, 1.00000000, 0.21932292, 0.46700521, 0.00000000, 12.500],
[4.00, 1.00000000, 0.21367839, 0.46127604, 0.00000000, 12.500],
[4.50, 1.00000000, 0.20705729, 0.44815104, 0.00000000, 12.500],
[5.00, 1.00000000, 0.20038411, 0.43984375, 0.00000000, 12.500],
[5.50, 1.00000000, 0.19196615, 0.42372396, 0.00000000, 12.500],
[6.00, 1.00000000, 0.18739583, 0.41859375, 0.00000000, 12.500],
[6.50, 1.00000000, 0.18432943, 0.40859375, 0.00000000, 12.500],
[7.00, 1.00000000, 0.17263021, 0.39539062, 0.00000000, 12.500],
[7.50, 1.00000000, 0.16864583, 0.38427083, 0.00000000, 12.500],
[8.00, 1.00000000, 0.16527995, 0.37692708, 0.00000000, 12.500],
[8.50, 1.00000000, 0.16013021, 0.37044271, 0.00000000, 12.500],
[9.00, 1.00000000, 0.15216146, 0.35463542, 0.00000000, 12.500],
[9.50, 1.00000000, 0.14858724, 0.35026042, 0.00000000, 12.500],
[10.00, 1.00000000, 0.14248698, 0.33739583, 0.00000000, 12.500],
[10.50, 1.00000000, 0.13938802, 0.33138021, 0.00000000, 12.500],
[11.00, 1.00000000, 0.13750000, 0.32903646, 0.00000000, 12.500],
[11.50, 1.00000000, 0.13438802, 0.32481771, 0.00000000, 12.500],
#=====================================================================================
                      2024-12-07-23:20:48
#=====================================================================================

######### [program config] #########
minimum_snr              : 0                                       
maximum_snr              : 13                                      
increment_snr            : 1                                       
maximum_error_number     : 300                                     
maximum_block_number     : 1000000                                 
K                        : 2                                       
max_iteration            : 50                                      
encoder_active           : 1                                       
file_name_of_the_H       : PEG1024regular0.5.txt                   
home                     : /home/jack                              
smallprob                : 1e-15                                   
type                     : psk                                     
M                        : 2                                       
channel_type             : fast-fading                             
######### [code config] ##########
codedim                  : 512                                     
codelen                  : 1024                                    
codechk                  : 512                                     
coderate                 : 0.5                                     
row                      : 512                                     
col                      : 1024                                    

#=============================== args end  ===============================
[0.00, 1.00000000, 0.19680990, 0.30596354, 0.00000000, 25.000],
[0.50, 1.00000000, 0.18953125, 0.29473958, 0.00000000, 25.000],
[1.00, 1.00000000, 0.17740234, 0.27669271, 0.00000000, 25.000],
[1.50, 1.00000000, 0.16989583, 0.26451823, 0.00000000, 25.000],
[2.00, 1.00000000, 0.15852865, 0.24861979, 0.00000000, 25.000],
[2.50, 1.00000000, 0.14798828, 0.23515625, 0.00000000, 25.000],
[3.00, 1.00000000, 0.14074870, 0.22266927, 0.00000000, 25.000],
[3.50, 0.98684211, 0.13025545, 0.20647872, 0.00000000, 24.765],
[4.00, 0.95541401, 0.11629180, 0.18705215, 0.00000000, 24.221],
[4.50, 0.86705202, 0.09717644, 0.15687094, 0.00000000, 22.720],
[5.00, 0.80913978, 0.08603726, 0.13907090, 0.00000000, 21.587],
[5.50, 0.70754717, 0.07175892, 0.11620172, 0.00000000, 19.539],
[6.00, 0.52816901, 0.04947114, 0.08005062, 0.00000000, 16.075],
[6.50, 0.43227666, 0.03929609, 0.06415481, 0.00000000, 14.050],
[7.00, 0.23696682, 0.02058649, 0.03386959, 0.00000000, 9.938],
[7.50, 0.15576324, 0.01335751, 0.02172573, 0.00000000, 7.909],
[8.00, 0.11160714, 0.00951131, 0.01570638, 0.00000000, 6.621],
[8.50, 0.06421233, 0.00536524, 0.00878990, 0.00000000, 5.292],
[9.00, 0.03687822, 0.00307111, 0.00507880, 0.00000000, 4.468],
[9.50, 0.02057331, 0.00161305, 0.00266408, 0.00000000, 3.841],
[10.00, 0.01164054, 0.00089828, 0.00149417, 0.00000000, 3.438],
[10.50, 0.00690417, 0.00055112, 0.00090752, 0.00000000, 3.128],
[11.00, 0.00320233, 0.00024991, 0.00041064, 0.00000000, 2.879],
