

=====================================================================================
                               2023-06-08-17:44:03
======================================================================================

 cap = 0.5 * math.log2(1 + 10**(snr/10.0) )  
 filesize = cap * comp * im.size / 4 
 no R_min 
 Raw data: png 

Dataset        : Cifar10_testset_bmp/ 
Compress Rate  : [0.1 0.2 0.3 0.4 0.5 0.6 0.7 0.8 0.9] 
SNR            : [-2 -1  0  1  2  3  4  5  6  7  8  9 10 11 12 13 14 15 16 17 18 19 20 25
 30 35 40] 

[ 14.321, 14.321, 14.321, 14.321, 14.321, 14.321, 14.321, 14.321, 14.321, 14.321, 14.321, 14.321, 14.321, 14.321, 14.321, 14.321, 14.321, 14.321, 14.321, 14.321, 14.321, 14.321, 14.321, 14.321, 14.321, 14.321, 14.321,  ],
[ 14.321, 14.321, 14.321, 14.321, 14.321, 14.321, 14.321, 14.321, 14.321, 14.321, 14.321, 14.321, 14.321, 14.321, 14.321, 14.321, 14.321, 14.321, 14.321, 14.321, 14.321, 14.321, 14.321, 14.321, 26.463, 29.801, 32.130,  ],
[ 14.321, 14.321, 14.321, 14.321, 14.321, 14.321, 14.321, 14.321, 14.321, 14.321, 14.321, 14.321, 14.321, 14.321, 14.321, 14.321, 14.321, 14.321, 14.321, 16.056, 22.652, 24.970, 26.535, 31.051, 34.049, 35.959, 36.412,  ],
[ 14.321, 14.321, 14.321, 14.321, 14.321, 14.321, 14.321, 14.321, 14.321, 14.321, 14.321, 14.321, 14.321, 14.321, 14.321, 21.026, 24.618, 26.709, 28.163, 29.353, 30.377, 31.318, 32.163, 35.489, 36.412, 36.419, 36.419,  ],
[ 14.321, 14.321, 14.321, 14.321, 14.321, 14.321, 14.321, 14.321, 14.321, 14.321, 14.321, 14.321, 19.474, 24.618, 27.039, 28.689, 30.025, 31.194, 32.243, 33.213, 34.104, 34.880, 35.507, 36.418, 36.419, 36.419, 36.419,  ],
[ 14.321, 14.321, 14.321, 14.321, 14.321, 14.321, 14.321, 14.321, 14.321, 14.321, 18.735, 24.921, 27.497, 29.265, 30.702, 31.982, 33.138, 34.182, 35.063, 35.743, 36.175, 36.368, 36.413, 36.419, 36.419, 36.419, 36.419,  ],
[ 14.321, 14.321, 14.321, 14.321, 14.321, 14.321, 14.321, 14.321, 14.321, 22.958, 26.675, 28.855, 30.533, 31.982, 33.299, 34.452, 35.394, 36.026, 36.336, 36.411, 36.418, 36.419, 36.419, 36.419, 36.419, 36.419, 36.419,  ],
[ 14.321, 14.321, 14.321, 14.321, 14.321, 14.321, 14.321, 14.321, 24.012, 27.409, 29.569, 31.283, 32.799, 34.155, 35.257, 36.008, 36.348, 36.414, 36.419, 36.419, 36.419, 36.419, 36.419, 36.419, 36.419, 36.419, 36.419,  ],
[ 14.321, 14.321, 14.321, 14.321, 14.321, 14.321, 14.321, 24.012, 27.584, 29.841, 31.645, 33.256, 34.646, 35.690, 36.265, 36.408, 36.418, 36.419, 36.419, 36.419, 36.419, 36.419, 36.419, 36.419, 36.419, 36.419, 36.419,  ],
