

=====================================================================================
                               2023-05-15-21:03:51
======================================================================================


Dataset        : B100/HR/
Compress Rate  : [0.  0.1 0.2 0.3 0.4 0.5 0.6 0.7 0.8 0.9 1. ]
SNR            : [ 0  1  2  3  4  5  6  7  8  9 10]

28.825, 28.825, 28.825, 28.825, 28.825, 28.825, 28.825, 28.825, 28.825, 28.825, 28.825,
28.825, 28.825, 28.951, 29.222, 29.604, 29.915, 30.266, 30.547, 30.823, 31.063, 31.291,
29.861, 30.303, 30.707, 31.068, 31.397, 31.702, 31.995, 32.272, 32.529, 32.801, 33.045,
30.936, 31.335, 31.700, 32.050, 32.394, 32.732, 33.057, 33.389, 33.752, 34.069, 34.420,
31.637, 32.030, 32.415, 32.805, 33.179, 33.590, 33.999, 34.413, 34.866, 35.352, 35.918,
32.183, 32.601, 33.022, 33.459, 33.927, 34.386, 34.896, 35.467, 36.178, 36.957, 37.707,
32.658, 33.100, 33.588, 34.072, 34.629, 35.200, 35.942, 36.775, 37.685, 38.533, 39.870,
33.076, 33.590, 34.129, 34.702, 35.360, 36.194, 37.261, 38.012, 39.248, 40.736, 42.234,
33.490, 34.049, 34.664, 35.357, 36.217, 37.365, 38.275, 39.850, 41.351, 42.568, 44.306,
33.903, 34.493, 35.194, 36.110, 37.261, 38.266, 39.943, 41.612, 43.002, 44.870, 45.740,
34.271, 34.969, 35.846, 36.960, 38.027, 39.781, 41.595, 43.013, 44.992, 45.867, 46.804,

Dataset        : Set5/HR/
Compress Rate  : [0.  0.1 0.2 0.3 0.4 0.5 0.6 0.7 0.8 0.9 1. ]
SNR            : [ 0  1  2  3  4  5  6  7  8  9 10]

28.864, 28.864, 28.864, 28.864, 28.864, 28.864, 28.864, 28.864, 28.864, 28.864, 28.864,
28.864, 28.869, 28.938, 29.189, 29.494, 29.847, 30.119, 30.424, 30.789, 31.117, 31.393,
29.847, 30.142, 30.635, 31.117, 31.506, 31.923, 32.243, 32.611, 33.010, 33.242, 33.442,
30.905, 31.437, 31.887, 32.304, 32.848, 33.202, 33.458, 33.772, 34.540, 36.315, 36.242,
31.786, 32.291, 32.859, 33.242, 33.583, 33.959, 35.596, 36.242, 36.314, 37.055, 38.195,
32.405, 33.094, 33.435, 33.795, 35.182, 36.256, 36.322, 37.947, 38.416, 38.686, 39.140,
33.122, 33.498, 33.959, 36.315, 36.250, 37.034, 38.237, 38.607, 39.140, 39.646, 39.927,
33.491, 33.959, 36.755, 36.281, 37.464, 38.416, 38.758, 39.393, 39.759, 40.248, 40.702,
33.822, 35.864, 36.274, 37.055, 38.484, 38.779, 39.424, 39.927, 40.364, 40.886, 41.294,
35.137, 36.144, 37.034, 38.359, 38.779, 39.424, 39.927, 40.364, 40.886, 41.471, 41.793,
36.559, 36.380, 37.601, 38.686, 39.393, 39.828, 40.364, 40.886, 41.471, 41.793, 42.233,


=====================================================================================
                               2023-05-19-17:07:21
======================================================================================


Dataset        : B100/HR/
Compress Rate  : [0.  0.1 0.2 0.3 0.4 0.5 0.6 0.7 0.8 0.9 1. ]
SNR            : [ 0  1  2  3  4  5  6  7  8  9 10]

23.742, 23.742, 23.742, 23.742, 23.742, 23.742, 23.742, 23.742, 23.742, 23.742, 23.742,
23.742, 23.742, 24.186, 24.933, 25.899, 26.706, 27.413, 28.031, 28.545, 29.024, 29.487,
26.550, 27.506, 28.324, 29.033, 29.693, 30.318, 30.895, 31.445, 31.958, 32.475, 32.956,
28.775, 29.578, 30.314, 31.005, 31.689, 32.341, 32.974, 33.601, 34.258, 34.835, 35.447,
30.176, 30.968, 31.731, 32.484, 33.211, 33.970, 34.704, 35.434, 36.195, 36.967, 37.812,
31.272, 32.093, 32.906, 33.729, 34.575, 35.378, 36.248, 37.145, 38.198, 39.296, 40.311,
32.199, 33.064, 33.965, 34.845, 35.790, 36.732, 37.871, 38.998, 40.276, 41.423, 43.234,
33.015, 33.970, 34.931, 35.911, 36.988, 38.217, 39.710, 40.654, 42.417, 44.294, 46.300,
33.791, 34.798, 35.854, 36.979, 38.244, 39.831, 41.047, 43.175, 45.183, 46.855, 49.277,
34.531, 35.579, 36.726, 38.118, 39.711, 41.041, 43.279, 45.523, 47.429, 49.946, 51.051,
35.192, 36.366, 37.735, 39.300, 40.679, 43.115, 45.457, 47.464, 50.055, 51.314, 53.063,

Dataset        : Set5/HR/
Compress Rate  : [0.  0.1 0.2 0.3 0.4 0.5 0.6 0.7 0.8 0.9 1. ]
SNR            : [ 0  1  2  3  4  5  6  7  8  9 10]

24.658, 24.658, 24.658, 24.658, 24.658, 24.658, 24.658, 24.658, 24.658, 24.658, 24.658,
24.658, 24.752, 25.030, 25.710, 26.890, 27.897, 28.918, 29.582, 30.476, 31.197, 31.861,
27.897, 29.047, 30.135, 31.327, 32.197, 33.036, 33.675, 34.407, 35.064, 35.487, 35.899,
30.865, 32.058, 33.004, 33.814, 34.742, 35.370, 35.905, 36.530, 37.710, 39.976, 40.022,
32.764, 33.758, 34.786, 35.487, 36.116, 36.874, 39.056, 39.986, 40.260, 41.366, 43.040,
34.035, 35.197, 35.884, 36.582, 38.694, 40.009, 40.279, 42.645, 43.352, 43.841, 44.983,
35.267, 35.994, 36.874, 39.976, 40.026, 41.291, 43.040, 43.800, 44.758, 45.666, 46.702,
35.974, 36.874, 40.325, 40.168, 41.392, 43.352, 43.975, 45.366, 46.206, 47.395, 48.135,
36.618, 39.406, 40.094, 41.392, 43.534, 44.017, 45.541, 46.456, 47.718, 48.905, 49.708,
38.480, 39.907, 41.291, 43.322, 44.017, 45.541, 46.702, 47.718, 48.905, 50.384, 50.940,
40.235,



=====================================================================================
                               2023-05-19-17:18:22
======================================================================================


Dataset        : B100/HR/
Compress Rate  : [0.  0.1 0.2 0.3 0.4 0.5 0.6 0.7 0.8 0.9 1. ]
SNR            : [ 0  1  2  3  4  5  6  7  8  9 10]

20.806, 20.806, 20.806, 20.806, 20.806, 20.806, 20.806, 20.806, 20.806, 20.806, 20.806,
20.806, 20.807, 21.286, 22.134, 23.214, 24.153, 24.946, 25.632, 26.188, 26.693, 27.177,
23.971, 25.049, 25.947, 26.702, 27.394, 28.028, 28.614, 29.164, 29.673, 30.180, 30.645,
26.435, 27.275, 28.025, 28.723, 29.407, 30.048, 30.663, 31.262, 31.880, 32.420, 32.981,
27.884, 28.688, 29.449, 30.189, 30.890, 31.610, 32.297, 32.969, 33.641, 34.333, 35.032,
28.992, 29.807, 30.596, 31.383, 32.176, 32.919, 33.690, 34.484, 35.356, 36.256, 37.089,
29.909, 30.750, 31.606, 32.429, 33.281, 34.132, 35.083, 36.030, 37.036, 38.039, 39.319,
30.702, 31.610, 32.509, 33.391, 34.352, 35.373, 36.536, 37.450, 38.771, 40.185, 41.630,
31.441, 32.386, 33.337, 34.343, 35.427, 36.648, 37.760, 39.278, 40.838, 42.121, 43.780,
32.134, 33.099, 34.126, 35.288, 36.566, 37.754, 39.354, 41.045, 42.517, 44.347, 45.400,
32.749, 33.798, 34.967, 36.259, 37.470, 39.234, 41.001, 42.543, 44.422, 45.589, 46.714,

Dataset        : Set5/HR/
Compress Rate  : [0.  0.1 0.2 0.3 0.4 0.5 0.6 0.7 0.8 0.9 1. ]
SNR            : [ 0  1  2  3  4  5  6  7  8  9 10]

21.041, 21.041, 21.041, 21.041, 21.041, 21.041, 21.041, 21.041, 21.041, 21.041, 21.041,
21.041, 21.092, 21.262, 22.036, 23.067, 24.027, 25.027, 25.609, 26.483, 27.178, 27.782,
24.027, 25.108, 26.163, 27.283, 28.112, 28.874, 29.461, 30.120, 30.730, 31.109, 31.438,
26.894, 27.975, 28.842, 29.579, 30.454, 31.002, 31.443, 31.960, 32.963, 34.884, 35.045,
28.616, 29.543, 30.474, 31.109, 31.629, 32.242, 34.149, 35.017, 35.240, 36.012, 37.119,
29.780, 30.855, 31.429, 32.003, 33.819, 35.031, 35.257, 36.669, 37.317, 37.766, 38.381,
30.917, 31.523, 32.242, 34.884, 35.067, 35.948, 37.119, 37.643, 38.226, 38.791, 39.373,
31.513, 32.242, 35.109, 35.162, 36.035, 37.317, 37.876, 38.542, 39.133, 39.817, 40.246,
32.023, 34.396, 35.116, 36.035, 37.451, 37.909, 38.693, 39.255, 39.956, 40.719, 41.306,
33.658, 34.968, 35.948, 37.292, 37.909, 38.693, 39.373, 39.956, 40.719, 41.661, 42.050,
35.191, 35.313, 36.654, 37.766, 38.542, 39.255, 39.956, 40.719, 41.661, 42.050, 42.686,
