37
-7.875000000000e-02
0.000000000000e+00
-4.546633369868e-02
-4.521404746900e+00
-2.605927380703e+00
1
-7.875000000000e-02
0.000000000000e+00
-1.515544456623e-02
-4.517239202664e+00
-8.683762549815e-01
2
-7.875000000000e-02
0.000000000000e+00
1.515544456623e-02
-4.517239202664e+00
8.683762549815e-01
3
-7.875000000000e-02
0.000000000000e+00
4.546633369868e-02
-4.521404746900e+00
2.605927380703e+00
4
-5.250000000000e-02
0.000000000000e+00
-6.062177826491e-02
-3.014962155988e+00
-3.475503007503e+00
5
-5.250000000000e-02
0.000000000000e+00
-3.031088913246e-02
-3.010796630586e+00
-1.736952060631e+00
6
-5.250000000000e-02
0.000000000000e+00
0.000000000000e+00
-3.009411954191e+00
0.000000000000e+00
7
-5.250000000000e-02
0.000000000000e+00
3.031088913246e-02
-3.010796630586e+00
1.736952060631e+00
8
-5.250000000000e-02
0.000000000000e+00
6.062177826491e-02
-3.014962155988e+00
3.475503007503e+00
9
-2.625000000000e-02
0.000000000000e+00
-7.577722283114e-02
-1.508525343733e+00
-4.345880982132e+00
10
-2.625000000000e-02
0.000000000000e+00
-4.546633369868e-02
-1.505744483677e+00
-2.605927380703e+00
11
-2.625000000000e-02
0.000000000000e+00
-1.515544456623e-02
-1.504359808382e+00
-8.683762549815e-01
12
-2.625000000000e-02
0.000000000000e+00
1.515544456623e-02
-1.504359808382e+00
8.683762549815e-01
13
-2.625000000000e-02
0.000000000000e+00
4.546633369868e-02
-1.505744483677e+00
2.605927380703e+00
14
-2.625000000000e-02
0.000000000000e+00
7.577722283114e-02
-1.508525343733e+00
4.345880982132e+00
15
0.000000000000e+00
0.000000000000e+00
-9.093266739737e-02
0.000000000000e+00
-5.217265021989e+00
16
0.000000000000e+00
0.000000000000e+00
-6.062177826491e-02
0.000000000000e+00
-3.475503007503e+00
17
0.000000000000e+00
0.000000000000e+00
-3.031088913246e-02
0.000000000000e+00
-1.736952060631e+00
18
0.000000000000e+00
0.000000000000e+00
0.000000000000e+00
0.000000000000e+00
0.000000000000e+00
19
0.000000000000e+00
0.000000000000e+00
3.031088913246e-02
0.000000000000e+00
1.736952060631e+00
20
0.000000000000e+00
0.000000000000e+00
6.062177826491e-02
0.000000000000e+00
3.475503007503e+00
21
0.000000000000e+00
0.000000000000e+00
9.093266739737e-02
0.000000000000e+00
5.217265021989e+00
22
2.625000000000e-02
0.000000000000e+00
-7.577722283114e-02
1.508525343733e+00
-4.345880982132e+00
23
2.625000000000e-02
0.000000000000e+00
-4.546633369868e-02
1.505744483677e+00
-2.605927380703e+00
24
2.625000000000e-02
0.000000000000e+00
-1.515544456623e-02
1.504359808382e+00
-8.683762549815e-01
25
2.625000000000e-02
0.000000000000e+00
1.515544456623e-02
1.504359808382e+00
8.683762549815e-01
26
2.625000000000e-02
0.000000000000e+00
4.546633369868e-02
1.505744483677e+00
2.605927380703e+00
27
2.625000000000e-02
0.000000000000e+00
7.577722283114e-02
1.508525343733e+00
4.345880982132e+00
28
5.250000000000e-02
0.000000000000e+00
-6.062177826491e-02
3.014962155988e+00
-3.475503007503e+00
29
5.250000000000e-02
0.000000000000e+00
-3.031088913246e-02
3.010796630586e+00
-1.736952060631e+00
30
5.250000000000e-02
0.000000000000e+00
0.000000000000e+00
3.009411954191e+00
0.000000000000e+00
31
5.250000000000e-02
0.000000000000e+00
3.031088913246e-02
3.010796630586e+00
1.736952060631e+00
32
5.250000000000e-02
0.000000000000e+00
6.062177826491e-02
3.014962155988e+00
3.475503007503e+00
33
7.875000000000e-02
0.000000000000e+00
-4.546633369868e-02
4.521404746900e+00
-2.605927380703e+00
34
7.875000000000e-02
0.000000000000e+00
-1.515544456623e-02
4.517239202664e+00
-8.683762549815e-01
35
7.875000000000e-02
0.000000000000e+00
1.515544456623e-02
4.517239202664e+00
8.683762549815e-01
36
7.875000000000e-02
0.000000000000e+00
4.546633369868e-02
4.521404746900e+00
2.605927380703e+00
37
