#=====================================================================================
                      2024-12-19-21:31:39
#=====================================================================================

######### [program config] #########
minimum_snr              : 0
maximum_snr              : 13
increment_snr            : 1
maximum_error_number     : 300
maximum_block_number     : 1000000
K                        : 6
max_iteration            : 50
encoder_active           : 1
file_name_of_the_H       : PEG1024regular0.5.txt
home                     : /home/jack
smallprob                : 1e-15
type                     : psk
M                        : 2
channel_type             : fast-fading
######### [code config] ##########
codedim                  : 512
codelen                  : 1024
codechk                  : 512
coderate                 : 0.5
row                      : 512
col                      : 1024
6个用户，不等功率分配
#=============================== args end  ===============================
[0.00, 1.00000000, 0.39086589, 0.67398437, 0.00000000, 8.333],
[0.20, 1.00000000, 0.38962240, 0.67382812, 0.00000000, 8.333],
[0.40, 1.00000000, 0.38679687, 0.67082031, 0.00000000, 8.333],
[0.60, 1.00000000, 0.38511068, 0.67371094, 0.00000000, 8.333],
[0.80, 1.00000000, 0.38395833, 0.67066406, 0.00000000, 8.333],
[1.00, 1.00000000, 0.38416667, 0.66886719, 0.00000000, 8.333],
[1.20, 1.00000000, 0.37783203, 0.66988281, 0.00000000, 8.333],
[1.40, 1.00000000, 0.37674479, 0.66980469, 0.00000000, 8.333],
[1.60, 1.00000000, 0.37259766, 0.66960937, 0.00000000, 8.333],
[1.80, 1.00000000, 0.37240234, 0.67046875, 0.00000000, 8.333],
[2.00, 1.00000000, 0.36930990, 0.67035156, 0.00000000, 8.333],
[2.20, 1.00000000, 0.36657552, 0.66847656, 0.00000000, 8.333],
[2.40, 1.00000000, 0.36352214, 0.66312500, 0.00000000, 8.333],
[2.60, 1.00000000, 0.36033854, 0.66359375, 0.00000000, 8.333],
[2.80, 0.99673203, 0.35789420, 0.66379442, 0.00000000, 8.333],
[3.00, 0.99673203, 0.35257736, 0.66172641, 0.00000000, 8.333],
[3.20, 0.95911950, 0.34602865, 0.65525501, 0.00000000, 8.333],
[3.40, 0.94654088, 0.34257075, 0.64858491, 0.00000000, 8.333],
[3.60, 0.89583333, 0.33648391, 0.64997210, 0.00000000, 8.333],
[3.80, 0.87068966, 0.33324353, 0.65160291, 0.00000000, 8.333],
[4.00, 0.85028249, 0.32984088, 0.64731197, 0.00000000, 8.333],
[4.20, 0.83888889, 0.32820638, 0.64860026, 0.00000000, 8.333],
[4.40, 0.83333333, 0.32411024, 0.64879557, 0.00000000, 8.333],
[4.60, 0.83333333, 0.32504340, 0.64583333, 0.00000000, 8.333],
[4.80, 0.83611111, 0.32175564, 0.64342448, 0.00000000, 8.333],
[5.00, 0.83333333, 0.32046984, 0.65061849, 0.00000000, 8.333],
[5.20, 0.83333333, 0.31790365, 0.64736328, 0.00000000, 8.333],
[5.40, 0.83333333, 0.31687283, 0.63958333, 0.00000000, 8.333],
[5.60, 0.83333333, 0.31258138, 0.63925781, 0.00000000, 8.333],
[5.80, 0.83333333, 0.31333550, 0.64417318, 0.00000000, 8.333],
[6.00, 0.83333333, 0.31089952, 0.64029948, 0.00000000, 8.333],
#=====================================================================================
                      2024-12-20-10:09:29
#=====================================================================================

######### [program config] #########
minimum_snr              : 0
maximum_snr              : 13
increment_snr            : 1
maximum_error_number     : 300
maximum_block_number     : 1000000
K                        : 6
max_iteration            : 50
encoder_active           : 1
file_name_of_the_H       : PEG1024regular0.5.txt
home                     : /home/jack
smallprob                : 1e-15
type                     : psk
M                        : 2
channel_type             : fast-fading
######### [code config] ##########
codedim                  : 512
codelen                  : 1024
codechk                  : 512
coderate                 : 0.5
row                      : 512
col                      : 1024

#=============================== args end  ===============================
[7.00, 0.83333333, 0.29854601, 0.63395182, 0.00000000, 8.333],
[8.00, 0.83333333, 0.28662109, 0.63229167, 0.00000000, 8.333],
[9.00, 0.82513661, 0.27202335, 0.62032531, 0.00000000, 8.333],
[10.00, 0.69907407, 0.25119358, 0.61366102, 0.00000000, 8.333],
[11.00, 0.66666667, 0.24006944, 0.60312500, 0.00000000, 8.333],
[12.00, 0.66666667, 0.23006510, 0.59755208, 0.00000000, 8.333],
[13.00, 0.66666667, 0.21986979, 0.59164063, 0.00000000, 8.333],
[14.00, 0.66666667, 0.20886285, 0.58671875, 0.00000000, 8.333],
[15.00, 0.65584416, 0.19231940, 0.56693892, 0.00000000, 8.333],
[16.00, 0.52256944, 0.17173258, 0.54774984, 0.00000000, 8.333],
[17.00, 0.50000000, 0.16154622, 0.53583984, 0.00000000, 8.333],
[18.00, 0.50000000, 0.15246419, 0.52503906, 0.00000000, 8.333],
[19.00, 0.50000000, 0.14383789, 0.51310547, 0.00000000, 8.333],
[20.00, 0.50000000, 0.13218099, 0.50048828, 0.00000000, 8.333],
[21.00, 0.48237179, 0.11660219, 0.47348257, 0.00000000, 8.333],
[22.00, 0.34482759, 0.09790544, 0.44602640, 0.00000000, 8.333],
[23.00, 0.33333333, 0.08999783, 0.42105469, 0.00000000, 8.333],
[24.00, 0.33333333, 0.08231337, 0.39817708, 0.00000000, 8.333],
[25.00, 0.33333333, 0.07405599, 0.36815104, 0.00000000, 8.333],
[26.00, 0.33333333, 0.06329861, 0.32794271, 0.00000000, 8.333],
[27.00, 0.27117117, 0.04769496, 0.26735642, 0.00000000, 8.333],
[28.00, 0.16835017, 0.03549931, 0.21268676, 0.00000000, 8.333],
[29.00, 0.16666667, 0.03051649, 0.18309896, 0.00000000, 8.333],
[30.00, 0.16666667, 0.02522352, 0.15134115, 0.00000000, 8.333],
[31.00, 0.16666667, 0.01915690, 0.11494141, 0.00000000, 8.333],
[32.00, 0.15576324, 0.01108393, 0.06650360, 0.00000000, 8.125],
