#=====================================================================================
                      2024-12-19-21:31:37
#=====================================================================================

######### [program config] #########
minimum_snr              : 0
maximum_snr              : 13
increment_snr            : 1
maximum_error_number     : 300
maximum_block_number     : 1000000
K                        : 6
max_iteration            : 50
encoder_active           : 1
file_name_of_the_H       : PEG1024regular0.5.txt
home                     : /home/jack
smallprob                : 1e-15
type                     : psk
M                        : 2
channel_type             : fast-fading
######### [code config] ##########
codedim                  : 512
codelen                  : 1024
codechk                  : 512
coderate                 : 0.5
row                      : 512
col                      : 1024

SIC, 6个用户，不等功率分配, 4倍等间隔
#=============================== args end  ===============================
[0.00, 1.00000000, 0.39744792, 0.74453125, 0.00000000, 50.000],
[1.00, 1.00000000, 0.38712240, 0.73613281, 0.00000000, 50.000],
[2.00, 1.00000000, 0.37417969, 0.73871094, 0.00000000, 50.000],
[3.00, 0.94135802, 0.35455247, 0.73318142, 0.00000000, 48.596],
[4.00, 0.86494253, 0.33592628, 0.72053475, 0.00000000, 45.305],
[5.00, 0.83333333, 0.32434353, 0.72197266, 0.00000000, 43.464],
[6.00, 0.83333333, 0.31606988, 0.71074219, 0.00000000, 42.858],
[7.00, 0.83333333, 0.30690104, 0.70885417, 0.00000000, 42.633],
[8.00, 0.83060109, 0.29308081, 0.70216445, 0.00000000, 42.421],
[9.00, 0.79629630, 0.27765377, 0.68960813, 0.00000000, 41.593],
[10.00, 0.68721461, 0.25458851, 0.67548694, 0.00000000, 37.379],
[11.00, 0.66888889, 0.24416667, 0.67010417, 0.00000000, 35.707],
[12.00, 0.66666667, 0.23534288, 0.66632813, 0.00000000, 35.124],
[13.00, 0.66666667, 0.22606337, 0.65692708, 0.00000000, 34.827],
[14.00, 0.66447368, 0.21501079, 0.64489104, 0.00000000, 34.625],
[15.00, 0.61934156, 0.19501511, 0.62405961, 0.00000000, 33.200],
[16.00, 0.52256944, 0.17637126, 0.60569255, 0.00000000, 29.427],
[17.00, 0.50166667, 0.16763346, 0.59480469, 0.00000000, 27.887],
[18.00, 0.50000000, 0.15745768, 0.57839844, 0.00000000, 27.242],
[19.00, 0.50000000, 0.14891602, 0.55494141, 0.00000000, 27.042],
[20.00, 0.49504950, 0.13609994, 0.53420869, 0.00000000, 26.677],
[21.00, 0.44940476, 0.12119838, 0.50545829, 0.00000000, 25.222],
[22.00, 0.34953704, 0.10157606, 0.46188694, 0.00000000, 21.405],
[23.00, 0.33333333, 0.09305990, 0.43490885, 0.00000000, 19.818],
[24.00, 0.33333333, 0.08592665, 0.40828125, 0.00000000, 19.353],
[25.00, 0.33333333, 0.07750000, 0.37652344, 0.00000000, 19.061],
[26.00, 0.32051282, 0.06576982, 0.33408454, 0.00000000, 18.560],
[27.00, 0.22727273, 0.04737660, 0.26676136, 0.00000000, 15.708],
[28.00, 0.17182131, 0.03660264, 0.21862248, 0.00000000, 12.531],
[29.00, 0.16722408, 0.03105295, 0.18618703, 0.00000000, 11.591],
[30.00, 0.16666667, 0.02507704, 0.15046224, 0.00000000, 11.218],
[31.00, 0.15243902, 0.01596541, 0.09579244, 0.00000000, 10.715],
[32.00, 0.04139073, 0.00288469, 0.01730812, 0.00000000, 6.780],
#=====================================================================================
                      2024-12-20-16:49:28
#=====================================================================================

######### [program config] #########
minimum_snr              : 0
maximum_snr              : 13
increment_snr            : 1
maximum_error_number     : 300
maximum_block_number     : 1000000
K                        : 6
max_iteration            : 50
encoder_active           : 1
file_name_of_the_H       : PEG1024regular0.5.txt
home                     : /home/jack
smallprob                : 1e-15
type                     : psk
M                        : 2
channel_type             : fast-fading
######### [code config] ##########
codedim                  : 512
codelen                  : 1024
codechk                  : 512
coderate                 : 0.5
row                      : 512
col                      : 1024

#=============================== args end  ===============================
SIC, 6个用户，不等功率分配, 2倍等间隔

































[0.00, 1.00000000, 0.38400391, 0.73773438, 0.00000000, 50.000],
[1.00, 1.00000000, 0.37768880, 0.73589844, 0.00000000, 50.000],
[2.00, 1.00000000, 0.36960938, 0.73003906, 0.00000000, 50.000],
[3.00, 1.00000000, 0.36142578, 0.72667969, 0.00000000, 50.000],
[4.00, 1.00000000, 0.35023437, 0.71773438, 0.00000000, 50.000],
[5.00, 1.00000000, 0.34114583, 0.71546875, 0.00000000, 50.000],
[6.00, 1.00000000, 0.33354818, 0.70468750, 0.00000000, 50.000],
[7.00, 1.00000000, 0.32238281, 0.69453125, 0.00000000, 50.000],
[8.00, 0.99673203, 0.31163833, 0.68983609, 0.00000000, 49.908],
[9.00, 0.98366013, 0.30241524, 0.67547488, 0.00000000, 49.810],
[10.00, 0.98366013, 0.29369000, 0.66601562, 0.00000000, 49.641],
[11.00, 0.95597484, 0.27203100, 0.64618956, 0.00000000, 48.739],
[12.00, 0.92592593, 0.25498529, 0.62094907, 0.00000000, 48.019],
[13.00, 0.90476190, 0.24446033, 0.60913086, 0.00000000, 47.256],
[14.00, 0.89181287, 0.23756168, 0.59556606, 0.00000000, 46.883],
[15.00, 0.81182796, 0.20404906, 0.55270287, 0.00000000, 43.997],
[16.00, 0.78125000, 0.19032288, 0.53591919, 0.00000000, 41.997],
