65
-7.875000000000e-02
0.000000000000e+00
-1.060881119636e-01
-4.542406717264e+00
-6.089860958037e+00
1
-7.875000000000e-02
0.000000000000e+00
-7.577722283114e-02
-4.529770523880e+00
-4.345880982132e+00
2
-7.875000000000e-02
0.000000000000e+00
-4.546633369868e-02
-4.521404746900e+00
-2.605927380703e+00
3
-7.875000000000e-02
0.000000000000e+00
-1.515544456623e-02
-4.517239202664e+00
-8.683762549815e-01
4
-7.875000000000e-02
0.000000000000e+00
1.515544456623e-02
-4.517239202664e+00
8.683762549815e-01
5
-7.875000000000e-02
0.000000000000e+00
4.546633369868e-02
-4.521404746900e+00
2.605927380703e+00
6
-7.875000000000e-02
0.000000000000e+00
7.577722283114e-02
-4.529770523880e+00
4.345880982132e+00
7
-7.875000000000e-02
0.000000000000e+00
1.060881119636e-01
-4.542406717264e+00
6.089860958037e+00
8
-5.250000000000e-02
0.000000000000e+00
-1.212435565298e-01
-3.031798843216e+00
-6.963877184535e+00
9
-5.250000000000e-02
0.000000000000e+00
-9.093266739737e-02
-3.021943285322e+00
-5.217265021989e+00
10
-5.250000000000e-02
0.000000000000e+00
-6.062177826491e-02
-3.014962155988e+00
-3.475503007503e+00
11
-5.250000000000e-02
0.000000000000e+00
-3.031088913246e-02
-3.010796630586e+00
-1.736952060631e+00
12
-5.250000000000e-02
0.000000000000e+00
0.000000000000e+00
-3.009411954191e+00
0.000000000000e+00
13
-5.250000000000e-02
0.000000000000e+00
3.031088913246e-02
-3.010796630586e+00
1.736952060631e+00
14
-5.250000000000e-02
0.000000000000e+00
6.062177826491e-02
-3.014962155988e+00
3.475503007503e+00
15
-5.250000000000e-02
0.000000000000e+00
9.093266739737e-02
-3.021943285322e+00
5.217265021989e+00
16
-5.250000000000e-02
0.000000000000e+00
1.212435565298e-01
-3.031798843216e+00
6.963877184535e+00
17
-2.625000000000e-02
0.000000000000e+00
-1.363990010960e-01
-1.518381085541e+00
-7.839525123995e+00
18
-2.625000000000e-02
0.000000000000e+00
-1.060881119636e-01
-1.512725674622e+00
-6.089860958037e+00
19
-2.625000000000e-02
0.000000000000e+00
-7.577722283114e-02
-1.508525343733e+00
-4.345880982132e+00
20
-2.625000000000e-02
0.000000000000e+00
-4.546633369868e-02
-1.505744483677e+00
-2.605927380703e+00
21
-2.625000000000e-02
0.000000000000e+00
-1.515544456623e-02
-1.504359808382e+00
-8.683762549815e-01
22
-2.625000000000e-02
0.000000000000e+00
1.515544456623e-02
-1.504359808382e+00
8.683762549815e-01
23
-2.625000000000e-02
0.000000000000e+00
4.546633369868e-02
-1.505744483677e+00
2.605927380703e+00
24
-2.625000000000e-02
0.000000000000e+00
7.577722283114e-02
-1.508525343733e+00
4.345880982132e+00
25
-2.625000000000e-02
0.000000000000e+00
1.060881119636e-01
-1.512725674622e+00
6.089860958037e+00
26
-2.625000000000e-02
0.000000000000e+00
1.363990010960e-01
-1.518381085541e+00
7.839525123995e+00
27
0.000000000000e+00
0.000000000000e+00
-1.515544456623e-01
0.000000000000e+00
-8.717019710367e+00
28
0.000000000000e+00
0.000000000000e+00
-1.212435565298e-01
0.000000000000e+00
-6.963877184535e+00
29
0.000000000000e+00
0.000000000000e+00
-9.093266739737e-02
0.000000000000e+00
-5.217265021989e+00
30
0.000000000000e+00
0.000000000000e+00
-6.062177826491e-02
0.000000000000e+00
-3.475503007503e+00
31
0.000000000000e+00
0.000000000000e+00
-3.031088913246e-02
0.000000000000e+00
-1.736952060631e+00
32
0.000000000000e+00
0.000000000000e+00
0.000000000000e+00
0.000000000000e+00
0.000000000000e+00
33
0.000000000000e+00
0.000000000000e+00
3.031088913246e-02
0.000000000000e+00
1.736952060631e+00
34
0.000000000000e+00
0.000000000000e+00
6.062177826491e-02
0.000000000000e+00
3.475503007503e+00
35
0.000000000000e+00
0.000000000000e+00
9.093266739737e-02
0.000000000000e+00
5.217265021989e+00
36
0.000000000000e+00
0.000000000000e+00
1.212435565298e-01
0.000000000000e+00
6.963877184535e+00
37
0.000000000000e+00
0.000000000000e+00
1.515544456623e-01
0.000000000000e+00
8.717019710367e+00
38
2.625000000000e-02
0.000000000000e+00
-1.363990010960e-01
1.518381085541e+00
-7.839525123995e+00
39
2.625000000000e-02
0.000000000000e+00
-1.060881119636e-01
1.512725674622e+00
-6.089860958037e+00
40
2.625000000000e-02
0.000000000000e+00
-7.577722283114e-02
1.508525343733e+00
-4.345880982132e+00
41
2.625000000000e-02
0.000000000000e+00
-4.546633369868e-02
1.505744483677e+00
-2.605927380703e+00
42
2.625000000000e-02
0.000000000000e+00
-1.515544456623e-02
1.504359808382e+00
-8.683762549815e-01
43
2.625000000000e-02
0.000000000000e+00
1.515544456623e-02
1.504359808382e+00
8.683762549815e-01
44
2.625000000000e-02
0.000000000000e+00
4.546633369868e-02
1.505744483677e+00
2.605927380703e+00
45
2.625000000000e-02
0.000000000000e+00
7.577722283114e-02
1.508525343733e+00
4.345880982132e+00
46
2.625000000000e-02
0.000000000000e+00
1.060881119636e-01
1.512725674622e+00
6.089860958037e+00
47
2.625000000000e-02
0.000000000000e+00
1.363990010960e-01
1.518381085541e+00
7.839525123995e+00
48
5.250000000000e-02
0.000000000000e+00
-1.212435565298e-01
3.031798843216e+00
-6.963877184535e+00
49
5.250000000000e-02
0.000000000000e+00
-9.093266739737e-02
3.021943285322e+00
-5.217265021989e+00
50
5.250000000000e-02
0.000000000000e+00
-6.062177826491e-02
3.014962155988e+00
-3.475503007503e+00
51
5.250000000000e-02
0.000000000000e+00
-3.031088913246e-02
3.010796630586e+00
-1.736952060631e+00
52
5.250000000000e-02
0.000000000000e+00
0.000000000000e+00
3.009411954191e+00
0.000000000000e+00
53
5.250000000000e-02
0.000000000000e+00
3.031088913246e-02
3.010796630586e+00
1.736952060631e+00
54
5.250000000000e-02
0.000000000000e+00
6.062177826491e-02
3.014962155988e+00
3.475503007503e+00
55
5.250000000000e-02
0.000000000000e+00
9.093266739737e-02
3.021943285322e+00
5.217265021989e+00
56
5.250000000000e-02
0.000000000000e+00
1.212435565298e-01
3.031798843216e+00
6.963877184535e+00
57
7.875000000000e-02
0.000000000000e+00
-1.060881119636e-01
4.542406717264e+00
-6.089860958037e+00
58
7.875000000000e-02
0.000000000000e+00
-7.577722283114e-02
4.529770523880e+00
-4.345880982132e+00
59
7.875000000000e-02
0.000000000000e+00
-4.546633369868e-02
4.521404746900e+00
-2.605927380703e+00
60
7.875000000000e-02
0.000000000000e+00
-1.515544456623e-02
4.517239202664e+00
-8.683762549815e-01
61
7.875000000000e-02
0.000000000000e+00
1.515544456623e-02
4.517239202664e+00
8.683762549815e-01
62
7.875000000000e-02
0.000000000000e+00
4.546633369868e-02
4.521404746900e+00
2.605927380703e+00
63
7.875000000000e-02
0.000000000000e+00
7.577722283114e-02
4.529770523880e+00
4.345880982132e+00
64
7.875000000000e-02
0.000000000000e+00
1.060881119636e-01
4.542406717264e+00
6.089860958037e+00
65
