85  95  96  95  97  95  100  99  82  44
100  98  100  98  96  98  100  98  92  80
100  94  100  96  95  95  94  99  85  82
100  97  99  100  98  97  100  100  88  77
80  100  95  92  96  99  97  98  95  73
95  97  98  96  94  96  98  100  92  78
100  98  100  100  97  96  95  100  86  77
90  95  96  95  94  100  97  96  88  78
100  96  98  100  97  97  96  96  87  95
100  100  96  98  98  96  98  100  82  80
97  99  95  96  99  94  97  99  82  74
90  95  96  93  94  100  99  99  80  73
95  96  94  96  94  92  100  94  80  57
100  100  97  100  100  98  97  96  70  44
90  94  100  92  60  92  99  97  80  77
100  95  96  98  95  96  97  99  88  61
100  98  96  97  97  95  94  95  84  73
95  97  97  96  97  97  98  98  87  60
100  100  100  100  100  96  99  94  80  77
100  94  95  98  97  98  98  96  95  82
100  100  98  95  100  97  94  98  88  81
91  97  97  93  97  96  94  100  90  87
94  97  90  95  97  95  95  92  83  70
80  95  97  90  93  96  94  100  78  72
90  98  96  97  98  96  99  99  85  80
90  100  100  92  96  95  100  98  88  66
100  94  98  96  99  98  99  98  78  41
90  96  97  60  60  96  99  100  82  81
100  99  96  93  94  97  99  96  93  86
90  96  95  92  97  98  97  99  84  84
95  99  98  97  96  97  98  96  90  87
100  98  93  97  98  97  95  96  95  77
100  100  98  100  100  98  99  99  91  91
100  100  95  100  96  96  96  97  86  95
95  93  100  96  93  97  99  96  87  72
80  94  96  90  94  92  97  97  82  50
95  96  95  97  96  96  98  97  84  76
90  95  97  60  95  99  100  99  85  84
100  100  100  100  96  97  99  96  83  78
100  100  100  100  98  100  96  100  90  90
100  96  97  98  96  96  97  98  90  85
97  98  100  95  96  95  97  96  90  86
98  97  98  97  97  94  99  100  90  77
100  100  98  100  100  96  97  95  92  82
100  97  100  100  97  98  90  99  90  90
94  96  94  97  95  98  95  98  80  42
96  98  100  95  98  95  97  99  85  84
85  95  97  95  96  97  93  100  85  59
100  100  96  100  100  95  94  94  86  82
95  98  96  97  96  97  97  98  92  73
100  96  100  100  96  96  100  97  90  80
95  100  96  98  100  97  100  97  75  63
97  97  95  93  98  96  100  100  78  52
100  96  100  100  96  97  98  99  80  87
100  98  100  100  96  97  98  100  90  77
97  96  100  94  96  98  93  97  77  61
100  100  98  100  98  100  99  99  85  66
100  100  100  100  100  98  99  98  86  98
100  98  100  100  96  100  96  100  80  85

