#=====================================================================================
                      2023-12-18-20:02:58
#=====================================================================================

######### [program config] #########
minimum_snr              : 0
maximum_snr              : 12
increment_snr            : 0.5
maximum_error_number     : 500
maximum_block_number     : 1000000
home                     : /home/jack
smallprob                : 1e-15
######### [code config] ##########
codedim                  : 4
codelen                  : 7
codechk                  : 3
coderate                 : 0.5714285714285714

#=============================== args end  ===============================
[0.00  0.30887793  0.13856350  1.000]
[0.50  0.28257191  0.12492950  1.000]
[1.00  0.22638952  0.10099413  1.000]
[1.50  0.20831601  0.09625780  1.000]
[2.00  0.14937388  0.06745677  1.000]
[2.50  0.11841172  0.05199716  1.000]
[3.00  0.10224490  0.04551020  1.000]
[3.50  0.07528174  0.03403456  1.000]
[4.00  0.05717873  0.02490870  1.000]
[4.50  0.04060626  0.01795267  1.000]
[5.00  0.02581410  0.01103926  1.000]
[5.50  0.01620310  0.00695343  1.000]
[6.00  0.01039721  0.00465903  1.000]
[6.50  0.00593890  0.00250418  1.000]
[7.00  0.00317000  0.00137304  1.000]
[7.50  0.00162884  0.00069250  1.000]
[8.00  0.00078980  0.00034800  1.000]
[8.50  0.00032200  0.00013875  1.000]
[9.00  0.00011300  0.00004725  1.000]
[9.50  0.00004700  0.00002075  1.000]
[10.00  0.00001100  0.00000500  1.000]
[10.50  0.00000500  0.00000175  1.000]
[11.00  0.00000000  0.00000000  1.000]
[11.50  0.00000100  0.00000050  1.000]
[12.00  0.00000000  0.00000000  1.000]




#=====================================================================================
                      2023-12-19-15:43:52
#=====================================================================================

######### [program config] #########
minimum_snr              : 0
maximum_snr              : 12
increment_snr            : 0.5
maximum_error_number     : 500
maximum_block_number     : 1000000
home                     : /home/jack
smallprob                : 1e-15
######### [code config] ##########
codedim                  : 4
codelen                  : 7
codechk                  : 3
coderate                 : 0.5714285714285714

#=============================== args end  ===============================
[0.00,  0.22336157,  0.10276416,  1.000],
[0.50,  0.18680089,  0.08165548,  1.000],
[1.00,  0.16224093,  0.07431995,  1.000],
[1.50,  0.11059603,  0.05082781,  1.000],
[2.00,  0.08835979,  0.04091711,  1.000],
[2.50,  0.07063302,  0.03225011,  1.000],
[3.00,  0.04803452,  0.02114094,  1.000],
[3.50,  0.03415599,  0.01557813,  1.000],
[4.00,  0.02160041,  0.00938820,  1.000],
[4.50,  0.01308333,  0.00589533,  1.000],
[5.00,  0.00731248,  0.00325486,  1.000],
[5.50,  0.00379732,  0.00169212,  1.000],
[6.00,  0.00197695,  0.00085826,  1.000],
[6.50,  0.00093642,  0.00041307,  1.000],
[7.00,  0.00039700,  0.00016950,  1.000],
[7.50,  0.00012500,  0.00005650,  1.000],
[8.00,  0.00005200,  0.00002450,  1.000],
[8.50,  0.00001000,  0.00000450,  1.000],
[9.00,  0.00000400,  0.00000175,  1.000],
[9.50,  0.00000000,  0.00000000,  1.000],
[10.00,  0.00000000,  0.00000000,  1.000],
[10.50,  0.00000000,  0.00000000,  1.000],
[11.00,  0.00000000,  0.00000000,  1.000],
[11.50,  0.00000000,  0.00000000,  1.000],
[12.00,  0.00000000,  0.00000000,  1.000],
