29.296875	2.658876	91.468840	5.000000	47.855556	-1.988610	1.000000	1.000000
41.809082	4.136029	22.594713	2.000000	58.055556	0.000000	2.000000	2.000000
41.809082	4.136029	21.971393	2.000000	-60.566667	0.000000	2.000000	2.000000
47.302246	32.201943	35.211691	3.000000	58.055556	0.000000	2.000000	2.000000
47.302246	32.201943	18.231212	1.000000	-60.566667	0.000000	2.000000	2.000000
69.580078	27.475053	6.764485	0.000000	35.011111	0.000000	2.000000	2.000000
69.580078	27.770483	14.252152	1.000000	-36.011111	0.000000	2.000000	2.000000
58.288574	23.339023	19.205563	1.000000	-36.011111	0.000000	4.000000	4.000000
58.288574	23.339023	9.736171	1.000000	35.011111	0.000000	4.000000	4.000000
58.288574	23.339023	6.093377	1.000000	24.433333	0.000000	4.000000	4.000000
58.288574	23.339023	6.587272	0.000000	-23.166667	-0.711212	4.000000	4.000000
48.217773	36.337973	19.676853	1.000000	-27.322222	0.000000	6.000000	6.000000
48.217773	36.633403	31.959161	2.000000	-23.166667	-0.711212	6.000000	6.000000
48.217773	36.633403	17.570592	2.000000	24.433333	0.000000	6.000000	6.000000
48.217773	36.633403	18.882840	1.000000	22.544444	-3.943774	6.000000	6.000000
48.217773	36.633403	12.601651	1.000000	31.988889	0.000000	6.000000	6.000000
48.217773	36.633403	12.537243	1.000000	28.966667	0.000000	6.000000	6.000000
65.917969	18.316702	14.803685	1.000000	10.455556	0.000000	14.000000	14.000000
65.917969	18.316702	8.868987	1.000000	7.055556	0.000000	14.000000	14.000000
65.917969	18.316702	8.531864	1.000000	-5.788889	0.000000	14.000000	14.000000
65.917969	18.316702	7.614007	1.000000	31.988889	0.000000	14.000000	14.000000
65.917969	18.316702	9.117065	0.000000	-27.322222	0.000000	14.000000	14.000000
65.917969	18.316702	8.441157	0.000000	-23.166667	-0.711212	14.000000	14.000000
65.917969	18.316702	7.264388	0.000000	22.544444	-3.943774	14.000000	14.000000
65.917969	18.316702	7.207164	0.000000	-50.744444	0.000000	14.000000	14.000000
65.917969	18.316702	7.035551	0.000000	-60.566667	0.000000	14.000000	14.000000
65.917969	18.316702	7.032914	0.000000	28.966667	0.000000	14.000000	14.000000
65.917969	18.316702	6.996698	0.000000	-45.077778	0.000000	14.000000	14.000000
65.917969	18.316702	5.881467	0.000000	58.055556	0.000000	14.000000	14.000000
65.917969	18.316702	5.802456	0.000000	24.433333	0.000000	14.000000	14.000000
65.917969	18.612132	6.644418	1.000000	-53.011111	0.000000	14.000000	14.000000
34.790039	2.068015	60.505896	4.000000	35.011111	0.000000	16.000000	16.000000
34.790039	2.068015	48.851833	3.000000	-36.011111	0.000000	16.000000	16.000000
34.790039	2.068015	44.524105	3.000000	31.988889	0.000000	16.000000	16.000000
34.790039	2.068015	33.210968	2.000000	-27.322222	0.000000	16.000000	16.000000
34.790039	2.068015	33.112934	2.000000	28.966667	0.000000	16.000000	16.000000
34.790039	2.068015	30.845382	2.000000	-45.077778	0.000000	16.000000	16.000000
34.790039	2.068015	29.180970	2.000000	-23.166667	-0.711212	16.000000	16.000000
34.790039	2.068015	27.926648	2.000000	-50.744444	0.000000	16.000000	16.000000
34.790039	2.068015	27.803743	2.000000	-60.566667	0.000000	16.000000	16.000000
34.790039	2.068015	26.976575	2.000000	22.544444	-3.943774	16.000000	16.000000
34.790039	2.068015	24.612734	2.000000	24.433333	0.000000	16.000000	16.000000
34.790039	2.068015	24.075132	2.000000	10.455556	0.000000	16.000000	16.000000
34.790039	2.068015	24.012237	2.000000	7.055556	0.000000	16.000000	16.000000
34.790039	2.068015	23.579000	2.000000	58.055556	0.000000	16.000000	16.000000
34.790039	2.068015	22.793219	2.000000	-53.011111	0.000000	16.000000	16.000000
34.790039	2.068015	21.557245	1.000000	-5.788889	0.000000	16.000000	16.000000
28.991699	29.838498	102.158623	7.000000	-36.011111	0.000000	19.000000	19.000000
28.991699	29.838498	96.481723	7.000000	-60.566667	0.000000	19.000000	19.000000
28.991699	29.838498	95.614243	7.000000	10.455556	0.000000	19.000000	19.000000
28.991699	29.838498	94.864680	7.000000	-45.077778	0.000000	19.000000	19.000000
28.991699	29.838498	94.642862	7.000000	-50.744444	0.000000	19.000000	19.000000
28.991699	29.838498	94.525943	7.000000	7.055556	0.000000	19.000000	19.000000
28.991699	29.838498	92.342908	7.000000	-53.011111	0.000000	19.000000	19.000000
28.991699	29.838498	91.173319	7.000000	58.055556	0.000000	19.000000	19.000000
28.991699	29.838498	86.377433	7.000000	24.433333	0.000000	19.000000	19.000000
28.991699	29.838498	110.822403	6.000000	-23.166667	-0.711212	19.000000	19.000000
28.991699	29.838498	98.325983	6.000000	-5.788889	0.000000	19.000000	19.000000
28.991699	29.838498	95.534939	6.000000	31.988889	0.000000	19.000000	19.000000
28.991699	29.838498	94.939305	6.000000	22.544444	-3.943774	19.000000	19.000000
28.991699	29.838498	89.730188	6.000000	28.966667	0.000000	19.000000	19.000000
28.991699	29.838498	85.625413	6.000000	35.011111	0.000000	19.000000	19.000000
28.991699	29.838498	73.297817	6.000000	18.011111	-20.045903	19.000000	19.000000
28.991699	29.838498	73.297817	6.000000	16.877778	0.000000	19.000000	19.000000
28.991699	29.838498	109.427602	5.000000	-27.322222	0.000000	19.000000	19.000000
28.991699	29.838498	131.037817	3.000000	-16.366667	0.000000	19.000000	19.000000
44.250488	38.405987	43.623683	3.000000	-5.788889	0.000000	19.000000	19.000000
44.250488	38.405987	41.485971	3.000000	-45.077778	0.000000	19.000000	19.000000
44.250488	38.405987	41.200505	3.000000	-50.744444	0.000000	19.000000	19.000000
44.250488	38.405987	40.277611	3.000000	10.455556	0.000000	19.000000	19.000000
44.250488	38.405987	39.632819	3.000000	7.055556	0.000000	19.000000	19.000000
44.250488	38.405987	39.292308	3.000000	28.966667	0.000000	19.000000	19.000000
44.250488	38.405987	38.442151	3.000000	-53.011111	0.000000	19.000000	19.000000
44.250488	38.405987	38.003613	3.000000	24.433333	0.000000	19.000000	19.000000
44.250488	38.405987	35.230177	3.000000	18.011111	-20.045903	19.000000	19.000000
44.250488	38.405987	35.230177	3.000000	16.877778	0.000000	19.000000	19.000000
44.250488	38.405987	45.042800	2.000000	-27.322222	0.000000	19.000000	19.000000
44.250488	38.405987	43.824269	2.000000	-23.166667	-0.711212	19.000000	19.000000
44.250488	38.405987	36.253033	2.000000	47.855556	-1.988610	19.000000	19.000000
44.250488	38.405987	34.420969	2.000000	-60.566667	0.000000	19.000000	19.000000
44.250488	38.405987	34.350671	2.000000	31.988889	0.000000	19.000000	19.000000
44.250488	38.405987	33.757249	2.000000	-36.011111	0.000000	19.000000	19.000000
44.250488	38.405987	33.737954	2.000000	22.544444	-3.943774	19.000000	19.000000
44.250488	38.405987	32.731280	2.000000	35.011111	0.000000	19.000000	19.000000
44.250488	38.405987	46.144806	1.000000	-16.366667	0.000000	19.000000	19.000000
