77.819824	23.339023	15.429431	1.000000	4.033333	0.000000	1.000000	1.000000
69.274902	1.477153	17.965659	3.000000	-9.944444	0.000000	3.000000	3.000000
69.274902	1.477153	11.244818	2.000000	-15.988889	0.000000	3.000000	3.000000
69.274902	1.772584	7.960301	1.000000	-12.588889	0.000000	3.000000	3.000000
58.288574	6.499475	24.590511	3.000000	0.633333	-13.391207	7.000000	7.000000
58.288574	6.499475	25.231825	2.000000	4.033333	0.000000	7.000000	7.000000
58.288574	6.499475	17.352261	2.000000	8.188889	0.000000	7.000000	7.000000
58.288574	6.499475	16.153158	2.000000	-9.944444	0.000000	7.000000	7.000000
58.288574	6.499475	14.786566	2.000000	-6.166667	0.000000	7.000000	7.000000
58.288574	6.499475	10.082571	1.000000	24.055556	-9.372502	7.000000	7.000000
58.288574	6.794905	7.374630	1.000000	-59.055556	0.000000	7.000000	7.000000
63.171387	7.385767	12.629124	2.000000	-45.455556	0.000000	8.000000	8.000000
63.171387	7.385767	7.986702	2.000000	-49.988889	0.000000	8.000000	8.000000
63.171387	7.385767	11.942647	1.000000	-59.055556	0.000000	8.000000	8.000000
63.171387	7.385767	7.986878	1.000000	-29.588889	0.000000	8.000000	8.000000
63.171387	7.681197	20.055577	1.000000	54.655556	0.000000	8.000000	8.000000
63.171387	7.976628	11.636559	1.000000	44.077778	0.000000	8.000000	8.000000
63.171387	7.976628	11.050408	1.000000	48.988889	-6.969277	8.000000	8.000000
63.171387	7.976628	11.050408	1.000000	47.477778	0.000000	8.000000	8.000000
69.580078	28.656775	15.417161	2.000000	-6.166667	0.000000	10.000000	10.000000
69.580078	28.656775	10.324128	1.000000	8.188889	0.000000	10.000000	10.000000
69.580078	28.656775	10.281400	1.000000	0.633333	-13.391207	10.000000	10.000000
69.580078	28.656775	9.246020	1.000000	-26.188889	0.000000	10.000000	10.000000
69.580078	28.656775	8.996535	1.000000	-19.388889	0.000000	10.000000	10.000000
69.580078	28.656775	8.866809	1.000000	17.633333	0.000000	10.000000	10.000000
69.580078	28.656775	7.420635	1.000000	-36.388889	0.000000	10.000000	10.000000
69.580078	28.656775	7.075036	1.000000	33.122222	0.000000	10.000000	10.000000
69.580078	28.656775	6.376355	1.000000	-45.455556	0.000000	10.000000	10.000000
69.580078	28.656775	5.822631	1.000000	14.988889	0.000000	10.000000	10.000000
60.119629	17.134979	10.132024	1.000000	44.077778	0.000000	11.000000	11.000000
60.119629	17.430410	21.919381	4.000000	14.988889	0.000000	11.000000	11.000000
60.119629	17.430410	19.073689	3.000000	-15.988889	0.000000	11.000000	11.000000
60.119629	17.430410	18.882681	2.000000	17.633333	0.000000	11.000000	11.000000
60.119629	17.430410	13.646481	2.000000	-26.188889	0.000000	11.000000	11.000000
60.119629	17.430410	13.480795	2.000000	-12.588889	0.000000	11.000000	11.000000
60.119629	17.430410	13.399302	2.000000	-19.388889	0.000000	11.000000	11.000000
60.119629	17.430410	11.291201	2.000000	-29.588889	0.000000	11.000000	11.000000
60.119629	17.430410	12.410718	1.000000	29.722222	0.000000	11.000000	11.000000
60.119629	17.430410	10.808599	1.000000	-36.388889	0.000000	11.000000	11.000000
60.119629	17.430410	10.473411	1.000000	33.122222	0.000000	11.000000	11.000000
65.002441	13.885242	17.069958	3.000000	-9.944444	0.000000	11.000000	11.000000
65.002441	13.885242	17.949115	2.000000	-6.166667	0.000000	11.000000	11.000000
65.002441	13.885242	16.632080	1.000000	4.033333	0.000000	11.000000	11.000000
65.002441	13.885242	12.113631	1.000000	8.188889	0.000000	11.000000	11.000000
65.002441	13.885242	12.068845	1.000000	0.633333	-13.391207	11.000000	11.000000
65.002441	13.885242	10.881331	1.000000	-26.188889	0.000000	11.000000	11.000000
65.002441	13.885242	10.593698	1.000000	-19.388889	0.000000	11.000000	11.000000
65.002441	13.885242	10.447160	1.000000	17.633333	0.000000	11.000000	11.000000
65.002441	13.885242	8.869953	1.000000	29.722222	0.000000	11.000000	11.000000
65.002441	13.885242	8.786602	1.000000	-36.388889	0.000000	11.000000	11.000000
65.002441	13.885242	7.758418	1.000000	-12.588889	0.000000	11.000000	11.000000
49.743652	29.543067	33.889391	2.000000	48.988889	-6.969277	20.000000	20.000000
49.743652	29.543067	33.889391	2.000000	47.477778	0.000000	20.000000	20.000000
49.743652	29.543067	22.441951	2.000000	39.166667	0.000000	20.000000	20.000000
49.743652	29.543067	20.099289	2.000000	-59.055556	0.000000	20.000000	20.000000
49.743652	29.543067	15.039513	2.000000	-29.588889	0.000000	20.000000	20.000000
49.743652	29.543067	14.217327	2.000000	8.188889	0.000000	20.000000	20.000000
49.743652	29.543067	13.035684	2.000000	-36.388889	0.000000	20.000000	20.000000
49.743652	29.543067	11.956959	2.000000	33.122222	0.000000	20.000000	20.000000
49.743652	29.543067	9.102228	2.000000	-49.988889	0.000000	20.000000	20.000000
49.743652	29.543067	24.563767	1.000000	44.077778	0.000000	20.000000	20.000000
49.743652	29.543067	20.766788	1.000000	54.655556	0.000000	20.000000	20.000000
49.743652	29.543067	15.470036	1.000000	24.055556	-9.372502	20.000000	20.000000
49.743652	29.543067	13.944260	1.000000	0.633333	-13.391207	20.000000	20.000000
49.743652	29.543067	11.740015	1.000000	-12.588889	0.000000	20.000000	20.000000
49.743652	29.543067	10.965269	1.000000	-19.388889	0.000000	20.000000	20.000000
49.743652	29.543067	8.827973	1.000000	17.633333	0.000000	20.000000	20.000000
49.743652	29.543067	8.646563	1.000000	-45.455556	0.000000	20.000000	20.000000
49.743652	29.543067	8.206120	1.000000	-26.188889	0.000000	20.000000	20.000000
49.743652	29.838498	9.306923	1.000000	-6.166667	0.000000	20.000000	20.000000
49.743652	29.838498	8.576043	1.000000	-15.988889	0.000000	20.000000	20.000000
75.378418	10.635504	13.948603	3.000000	-49.988889	0.000000	23.000000	23.000000
75.378418	10.635504	16.919418	2.000000	24.055556	-9.372502	23.000000	23.000000
75.378418	10.635504	16.735467	2.000000	29.722222	0.000000	23.000000	23.000000
75.378418	10.635504	16.419092	2.000000	17.633333	0.000000	23.000000	23.000000
75.378418	10.635504	16.061721	2.000000	-29.588889	0.000000	23.000000	23.000000
75.378418	10.635504	15.993734	2.000000	8.188889	0.000000	23.000000	23.000000
75.378418	10.635504	15.967025	2.000000	-12.588889	0.000000	23.000000	23.000000
75.378418	10.635504	15.954247	2.000000	-59.055556	0.000000	23.000000	23.000000
75.378418	10.635504	15.929341	2.000000	0.633333	-13.391207	23.000000	23.000000
75.378418	10.635504	15.864318	2.000000	-19.388889	0.000000	23.000000	23.000000
75.378418	10.635504	15.650941	2.000000	-45.455556	0.000000	23.000000	23.000000
75.378418	10.635504	14.364454	2.000000	-26.188889	0.000000	23.000000	23.000000
75.378418	10.635504	14.113979	2.000000	-36.388889	0.000000	23.000000	23.000000
75.378418	10.635504	13.982305	2.000000	14.988889	0.000000	23.000000	23.000000
75.378418	10.635504	13.956609	2.000000	-6.166667	0.000000	23.000000	23.000000
75.378418	10.635504	13.455648	2.000000	33.122222	0.000000	23.000000	23.000000
75.378418	10.635504	12.979914	2.000000	-9.944444	0.000000	23.000000	23.000000
75.378418	10.635504	12.849974	2.000000	-15.988889	0.000000	23.000000	23.000000
75.378418	10.635504	19.411445	1.000000	44.077778	0.000000	23.000000	23.000000
75.378418	10.635504	18.879516	1.000000	48.988889	-6.969277	23.000000	23.000000
75.378418	10.635504	18.879516	1.000000	47.477778	0.000000	23.000000	23.000000
75.378418	10.635504	18.249969	1.000000	39.166667	0.000000	23.000000	23.000000
75.378418	10.635504	18.154629	1.000000	54.655556	0.000000	23.000000	23.000000
