79.345703	28.952206	14.109981	1.000000	-4.277778	0.000000	4.000000	4.000000
79.345703	28.952206	11.679819	1.000000	2.144444	0.000000	4.000000	4.000000
79.345703	28.952206	8.957138	1.000000	24.811111	0.000000	4.000000	4.000000
79.345703	28.952206	6.256385	1.000000	39.166667	0.000000	4.000000	4.000000
61.645508	18.907563	23.954164	2.000000	45.211111	0.000000	5.000000	5.000000
61.645508	18.907563	17.527916	1.000000	-42.433333	0.000000	5.000000	5.000000
61.645508	18.907563	14.450312	1.000000	-56.033333	0.000000	5.000000	5.000000
61.645508	18.907563	13.011654	1.000000	-51.122222	0.000000	5.000000	5.000000
61.645508	18.907563	12.355212	1.000000	-45.833333	0.000000	5.000000	5.000000
41.809082	30.429359	52.733939	4.000000	-51.122222	0.000000	10.000000	10.000000
41.809082	30.429359	44.932945	3.000000	-56.033333	0.000000	10.000000	10.000000
41.809082	30.429359	40.925226	2.000000	-42.433333	0.000000	10.000000	10.000000
41.809082	30.429359	29.961726	2.000000	-25.055556	0.000000	10.000000	10.000000
41.809082	30.429359	25.373487	1.000000	-9.944444	0.000000	10.000000	10.000000
41.809082	30.429359	25.373487	1.000000	-9.188889	-7.647180	10.000000	10.000000
41.809082	30.429359	23.831709	1.000000	-2.011111	0.000000	10.000000	10.000000
41.809082	30.429359	23.620072	1.000000	-18.255556	0.000000	10.000000	10.000000
41.809082	30.429359	21.877449	1.000000	5.166667	0.000000	10.000000	10.000000
41.809082	30.429359	19.929687	1.000000	10.077778	-7.483336	10.000000	10.000000
39.367676	37.815126	48.684679	6.000000	-45.833333	0.000000	13.000000	13.000000
39.367676	37.815126	42.101017	3.000000	45.211111	0.000000	13.000000	13.000000
39.367676	37.815126	41.338945	3.000000	52.011111	0.000000	13.000000	13.000000
39.367676	37.815126	36.646363	3.000000	-60.188889	0.000000	13.000000	13.000000
39.367676	37.815126	35.672442	3.000000	24.811111	0.000000	13.000000	13.000000
39.367676	37.815126	32.570994	3.000000	39.166667	0.000000	13.000000	13.000000
39.367676	37.815126	39.034405	2.000000	-37.522222	0.000000	13.000000	13.000000
39.367676	37.815126	31.060021	2.000000	-4.277778	0.000000	13.000000	13.000000
39.367676	37.815126	29.470174	2.000000	22.166667	0.000000	13.000000	13.000000
39.367676	37.815126	28.992074	2.000000	2.144444	0.000000	13.000000	13.000000
39.367676	37.815126	26.016068	2.000000	19.144444	0.000000	13.000000	13.000000
39.367676	37.815126	15.196975	2.000000	35.011111	0.000000	13.000000	13.000000
39.367676	37.815126	30.009263	1.000000	-16.744444	0.000000	13.000000	13.000000
63.476563	11.226366	27.516102	1.000000	2.144444	0.000000	16.000000	16.000000
63.476563	11.226366	22.778817	1.000000	-2.011111	0.000000	16.000000	16.000000
63.476563	11.226366	20.627013	1.000000	-4.277778	0.000000	16.000000	16.000000
63.476563	11.226366	17.406324	1.000000	5.166667	0.000000	16.000000	16.000000
63.476563	11.226366	16.045311	1.000000	-18.255556	0.000000	16.000000	16.000000
63.476563	11.226366	15.991713	1.000000	24.811111	0.000000	16.000000	16.000000
63.476563	11.226366	14.643270	1.000000	52.011111	0.000000	16.000000	16.000000
63.476563	11.226366	14.324256	1.000000	19.144444	0.000000	16.000000	16.000000
63.476563	11.226366	14.200827	1.000000	10.077778	-7.483336	16.000000	16.000000
63.476563	11.226366	13.817886	1.000000	22.166667	0.000000	16.000000	16.000000
63.476563	11.226366	13.670589	1.000000	-60.188889	0.000000	16.000000	16.000000
63.476563	11.226366	12.813829	1.000000	-16.744444	0.000000	16.000000	16.000000
63.476563	11.226366	12.782004	1.000000	-37.522222	0.000000	16.000000	16.000000
63.476563	11.226366	12.645319	1.000000	-25.055556	0.000000	16.000000	16.000000
63.476563	11.226366	12.195198	1.000000	39.166667	0.000000	16.000000	16.000000
63.476563	11.226366	5.700802	1.000000	35.011111	0.000000	16.000000	16.000000
25.634766	11.817227	112.824071	18.000000	35.011111	0.000000	17.000000	17.000000
25.634766	11.817227	94.091255	9.000000	39.166667	0.000000	17.000000	17.000000
25.634766	11.817227	88.496132	8.000000	24.811111	0.000000	17.000000	17.000000
25.634766	11.817227	116.869497	7.000000	-37.522222	0.000000	17.000000	17.000000
25.634766	11.817227	88.615422	7.000000	52.011111	0.000000	17.000000	17.000000
25.634766	11.817227	63.537692	7.000000	-45.833333	0.000000	17.000000	17.000000
25.634766	11.817227	104.836298	6.000000	-42.433333	0.000000	17.000000	17.000000
25.634766	11.817227	88.277524	6.000000	45.211111	0.000000	17.000000	17.000000
25.634766	11.817227	80.839105	6.000000	19.144444	0.000000	17.000000	17.000000
25.634766	11.817227	75.148762	6.000000	-51.122222	0.000000	17.000000	17.000000
25.634766	11.817227	97.193959	5.000000	-25.055556	0.000000	17.000000	17.000000
25.634766	11.817227	91.993266	5.000000	22.166667	0.000000	17.000000	17.000000
25.634766	11.817227	86.875366	5.000000	-56.033333	0.000000	17.000000	17.000000
25.634766	11.817227	82.449366	5.000000	-18.255556	0.000000	17.000000	17.000000
25.634766	11.817227	77.922392	5.000000	5.166667	0.000000	17.000000	17.000000
25.634766	11.817227	72.723279	5.000000	10.077778	-7.483336	17.000000	17.000000
25.634766	11.817227	59.181903	3.000000	2.144444	0.000000	17.000000	17.000000
57.067871	32.201943	26.818775	3.000000	39.166667	0.000000	20.000000	20.000000
57.067871	32.201943	18.755676	1.000000	-42.433333	0.000000	20.000000	20.000000
57.067871	32.201943	15.132075	1.000000	-25.055556	0.000000	20.000000	20.000000
57.067871	32.201943	14.675773	1.000000	52.011111	0.000000	20.000000	20.000000
57.067871	32.201943	13.766612	1.000000	-18.255556	0.000000	20.000000	20.000000
57.067871	32.201943	13.731519	1.000000	-37.522222	0.000000	20.000000	20.000000
57.067871	32.201943	13.006598	1.000000	-4.277778	0.000000	20.000000	20.000000
57.067871	32.201943	12.864981	1.000000	-56.033333	0.000000	20.000000	20.000000
57.067871	32.201943	12.709191	1.000000	-2.011111	0.000000	20.000000	20.000000
57.067871	32.201943	12.058657	1.000000	22.166667	0.000000	20.000000	20.000000
57.067871	32.201943	11.848532	1.000000	24.811111	0.000000	20.000000	20.000000
57.067871	32.201943	11.542655	1.000000	-60.188889	0.000000	20.000000	20.000000
57.067871	32.201943	11.274734	1.000000	-16.744444	0.000000	20.000000	20.000000
57.067871	32.201943	11.231969	1.000000	10.077778	-7.483336	20.000000	20.000000
57.067871	32.201943	10.607839	1.000000	-51.122222	0.000000	20.000000	20.000000
57.067871	32.201943	9.859028	1.000000	19.144444	0.000000	20.000000	20.000000
57.067871	32.201943	9.055068	1.000000	-45.833333	0.000000	20.000000	20.000000
57.067871	32.201943	8.539497	1.000000	35.011111	0.000000	20.000000	20.000000
57.067871	32.497374	13.879474	1.000000	45.211111	0.000000	20.000000	20.000000
57.067871	32.497374	9.363716	1.000000	5.166667	0.000000	20.000000	20.000000
76.904297	5.613183	9.326251	2.000000	35.011111	0.000000	23.000000	23.000000
76.904297	5.613183	21.427535	1.000000	-9.944444	0.000000	23.000000	23.000000
76.904297	5.613183	21.427535	1.000000	-9.188889	-7.647180	23.000000	23.000000
76.904297	5.613183	18.925477	1.000000	-16.744444	0.000000	23.000000	23.000000
76.904297	5.613183	18.278335	1.000000	-2.011111	0.000000	23.000000	23.000000
76.904297	5.613183	17.567330	1.000000	-4.277778	0.000000	23.000000	23.000000
76.904297	5.613183	17.394495	1.000000	-25.055556	0.000000	23.000000	23.000000
76.904297	5.613183	16.900862	1.000000	-37.522222	0.000000	23.000000	23.000000
76.904297	5.613183	16.795279	1.000000	-18.255556	0.000000	23.000000	23.000000
76.904297	5.613183	16.654202	1.000000	22.166667	0.000000	23.000000	23.000000
76.904297	5.613183	16.439702	1.000000	5.166667	0.000000	23.000000	23.000000
76.904297	5.613183	16.410379	1.000000	-56.033333	0.000000	23.000000	23.000000
76.904297	5.613183	16.339405	1.000000	-42.433333	0.000000	23.000000	23.000000
76.904297	5.613183	16.113239	1.000000	10.077778	-7.483336	23.000000	23.000000
76.904297	5.613183	16.096397	1.000000	-60.188889	0.000000	23.000000	23.000000
76.904297	5.613183	15.680773	1.000000	2.144444	0.000000	23.000000	23.000000
76.904297	5.613183	14.873854	1.000000	19.144444	0.000000	23.000000	23.000000
76.904297	5.613183	14.596796	1.000000	24.811111	0.000000	23.000000	23.000000
76.904297	5.613183	14.380264	1.000000	52.011111	0.000000	23.000000	23.000000
76.904297	5.613183	14.004549	1.000000	-51.122222	0.000000	23.000000	23.000000
76.904297	5.613183	13.295364	1.000000	45.211111	0.000000	23.000000	23.000000
76.904297	5.613183	12.168623	1.000000	-45.833333	0.000000	23.000000	23.000000
76.904297	5.613183	11.790343	1.000000	39.166667	0.000000	23.000000	23.000000
